"Time differences (ps)"	"Counts per bin"
-100000	21828
-99900	21589
-99800	21595
-99700	21696
-99600	22091
-99500	21556
-99400	21634
-99300	21897
-99200	21359
-99100	22084
-99000	21759
-98900	21996
-98800	21641
-98700	21754
-98600	21758
-98500	21802
-98400	21695
-98300	22073
-98200	21752
-98100	21792
-98000	21599
-97900	21778
-97800	21704
-97700	21789
-97600	21783
-97500	21647
-97400	21469
-97300	21886
-97200	22007
-97100	21937
-97000	21775
-96900	21625
-96800	21709
-96700	21896
-96600	21925
-96500	21626
-96400	21710
-96300	21584
-96200	21714
-96100	21590
-96000	21841
-95900	21696
-95800	21785
-95700	21557
-95600	21782
-95500	21686
-95400	21594
-95300	21692
-95200	21966
-95100	21705
-95000	21604
-94900	21711
-94800	21793
-94700	21448
-94600	21695
-94500	21635
-94400	21602
-94300	21913
-94200	21765
-94100	21706
-94000	21936
-93900	21878
-93800	21767
-93700	21902
-93600	21792
-93500	21507
-93400	21580
-93300	21975
-93200	21739
-93100	21725
-93000	21812
-92900	21568
-92800	21807
-92700	21690
-92600	21842
-92500	21810
-92400	21941
-92300	21768
-92200	21423
-92100	21703
-92000	21766
-91900	21554
-91800	21611
-91700	21818
-91600	21691
-91500	21683
-91400	21705
-91300	21583
-91200	21640
-91100	21634
-91000	21383
-90900	21816
-90800	21826
-90700	21596
-90600	21867
-90500	21814
-90400	21793
-90300	21671
-90200	21756
-90100	21791
-90000	21668
-89900	21941
-89800	21699
-89700	21753
-89600	21814
-89500	21621
-89400	21757
-89300	21753
-89200	21664
-89100	21389
-89000	21772
-88900	21657
-88800	21872
-88700	21839
-88600	21558
-88500	21467
-88400	21760
-88300	21693
-88200	21549
-88100	21888
-88000	21610
-87900	21779
-87800	21703
-87700	21657
-87600	21468
-87500	21904
-87400	22182
-87300	21705
-87200	21806
-87100	21988
-87000	21641
-86900	21716
-86800	21657
-86700	21505
-86600	21865
-86500	21556
-86400	21691
-86300	21649
-86200	21881
-86100	21524
-86000	21697
-85900	21587
-85800	21940
-85700	21442
-85600	21771
-85500	21449
-85400	21791
-85300	21852
-85200	21903
-85100	21805
-85000	21544
-84900	21487
-84800	21722
-84700	21687
-84600	21680
-84500	21935
-84400	21847
-84300	21810
-84200	21632
-84100	21649
-84000	21543
-83900	21774
-83800	21901
-83700	21871
-83600	21557
-83500	21468
-83400	21863
-83300	21723
-83200	21844
-83100	21664
-83000	21689
-82900	21690
-82800	21765
-82700	21613
-82600	21902
-82500	21811
-82400	21759
-82300	22052
-82200	21552
-82100	21875
-82000	21704
-81900	21909
-81800	21598
-81700	21597
-81600	21783
-81500	21758
-81400	21678
-81300	21847
-81200	21639
-81100	21611
-81000	21641
-80900	21412
-80800	21313
-80700	21783
-80600	21675
-80500	21513
-80400	22019
-80300	21698
-80200	21787
-80100	21709
-80000	21856
-79900	21890
-79800	21746
-79700	21867
-79600	21755
-79500	21828
-79400	21691
-79300	21681
-79200	21660
-79100	21751
-79000	21898
-78900	21999
-78800	21565
-78700	21983
-78600	21797
-78500	21650
-78400	21626
-78300	21833
-78200	21352
-78100	21710
-78000	21747
-77900	21818
-77800	21910
-77700	21884
-77600	21768
-77500	21839
-77400	21865
-77300	21893
-77200	21766
-77100	21736
-77000	21750
-76900	22111
-76800	21762
-76700	21718
-76600	21792
-76500	22043
-76400	22039
-76300	21551
-76200	21674
-76100	21749
-76000	21629
-75900	21519
-75800	21962
-75700	21646
-75600	22022
-75500	21608
-75400	21540
-75300	21560
-75200	21702
-75100	21787
-75000	21928
-74900	21613
-74800	21815
-74700	21870
-74600	22084
-74500	21627
-74400	21609
-74300	21533
-74200	21832
-74100	22184
-74000	21950
-73900	21793
-73800	21872
-73700	21858
-73600	21641
-73500	21853
-73400	21930
-73300	21597
-73200	21642
-73100	21609
-73000	21640
-72900	21917
-72800	21714
-72700	21718
-72600	21838
-72500	21814
-72400	21662
-72300	21646
-72200	21855
-72100	21873
-72000	21724
-71900	21962
-71800	21596
-71700	21493
-71600	21588
-71500	21864
-71400	21699
-71300	21840
-71200	21734
-71100	21692
-71000	21522
-70900	21935
-70800	21520
-70700	22057
-70600	21592
-70500	21811
-70400	21941
-70300	21733
-70200	22036
-70100	22034
-70000	21766
-69900	21758
-69800	21805
-69700	21664
-69600	21535
-69500	22007
-69400	21696
-69300	21753
-69200	21726
-69100	21673
-69000	21607
-68900	21472
-68800	21911
-68700	21727
-68600	21865
-68500	21615
-68400	22041
-68300	21658
-68200	21599
-68100	21784
-68000	22011
-67900	21697
-67800	21794
-67700	21705
-67600	21870
-67500	21813
-67400	21832
-67300	21864
-67200	21862
-67100	21781
-67000	22022
-66900	21676
-66800	21819
-66700	21807
-66600	21752
-66500	21790
-66400	21699
-66300	21813
-66200	21504
-66100	21892
-66000	21961
-65900	21932
-65800	21609
-65700	21807
-65600	21836
-65500	21676
-65400	21642
-65300	21541
-65200	21774
-65100	21625
-65000	21653
-64900	21752
-64800	21874
-64700	21736
-64600	21628
-64500	21618
-64400	21624
-64300	21705
-64200	21788
-64100	21694
-64000	21691
-63900	21936
-63800	21924
-63700	21699
-63600	21499
-63500	21834
-63400	21874
-63300	21700
-63200	21394
-63100	21573
-63000	21723
-62900	21997
-62800	21734
-62700	21723
-62600	21584
-62500	21619
-62400	21920
-62300	21658
-62200	21810
-62100	21886
-62000	21803
-61900	21821
-61800	21626
-61700	21801
-61600	21810
-61500	21687
-61400	21719
-61300	21823
-61200	21821
-61100	21839
-61000	21778
-60900	21608
-60800	21743
-60700	21708
-60600	21755
-60500	21535
-60400	21838
-60300	21770
-60200	21836
-60100	21835
-60000	21851
-59900	21910
-59800	21804
-59700	21699
-59600	21714
-59500	21839
-59400	21903
-59300	21996
-59200	21763
-59100	21810
-59000	21802
-58900	21916
-58800	21709
-58700	21852
-58600	21618
-58500	21580
-58400	22013
-58300	21950
-58200	21926
-58100	22080
-58000	22018
-57900	21918
-57800	21804
-57700	21604
-57600	21616
-57500	21849
-57400	21835
-57300	21777
-57200	21894
-57100	21952
-57000	22118
-56900	21744
-56800	22237
-56700	21665
-56600	21603
-56500	21660
-56400	21745
-56300	21909
-56200	21755
-56100	21656
-56000	22053
-55900	21915
-55800	21684
-55700	21732
-55600	21668
-55500	21882
-55400	21942
-55300	21921
-55200	21777
-55100	21794
-55000	21891
-54900	21733
-54800	21821
-54700	22088
-54600	22174
-54500	21715
-54400	21724
-54300	21927
-54200	21760
-54100	21980
-54000	22005
-53900	21790
-53800	21679
-53700	21884
-53600	21982
-53500	22099
-53400	21798
-53300	21950
-53200	21786
-53100	21881
-53000	21754
-52900	21761
-52800	21818
-52700	21649
-52600	21859
-52500	22124
-52400	22064
-52300	21751
-52200	21854
-52100	21858
-52000	21626
-51900	21945
-51800	21963
-51700	22003
-51600	21898
-51500	22174
-51400	22078
-51300	22001
-51200	21970
-51100	21848
-51000	22029
-50900	21793
-50800	21786
-50700	21907
-50600	21860
-50500	21763
-50400	21611
-50300	21833
-50200	21866
-50100	21917
-50000	22017
-49900	21752
-49800	21677
-49700	22110
-49600	21877
-49500	21644
-49400	21714
-49300	21842
-49200	21834
-49100	21535
-49000	21905
-48900	21579
-48800	21728
-48700	21912
-48600	21995
-48500	21753
-48400	21860
-48300	21529
-48200	21908
-48100	22152
-48000	21769
-47900	21584
-47800	21534
-47700	21809
-47600	21695
-47500	21724
-47400	21940
-47300	21699
-47200	21932
-47100	21587
-47000	21744
-46900	21840
-46800	21934
-46700	21882
-46600	21770
-46500	21863
-46400	21935
-46300	21777
-46200	21513
-46100	21870
-46000	21580
-45900	21835
-45800	22061
-45700	21910
-45600	21934
-45500	21355
-45400	21876
-45300	21728
-45200	21766
-45100	21705
-45000	21702
-44900	21842
-44800	21853
-44700	21821
-44600	21765
-44500	21738
-44400	21823
-44300	21815
-44200	21720
-44100	21608
-44000	21851
-43900	21890
-43800	21781
-43700	21836
-43600	21705
-43500	21863
-43400	21966
-43300	21779
-43200	21812
-43100	21700
-43000	21595
-42900	21527
-42800	21660
-42700	21573
-42600	21670
-42500	21629
-42400	21815
-42300	21589
-42200	21583
-42100	21698
-42000	21917
-41900	21735
-41800	21608
-41700	21874
-41600	21806
-41500	21930
-41400	21819
-41300	21694
-41200	21638
-41100	21769
-41000	21983
-40900	21633
-40800	21864
-40700	21886
-40600	21576
-40500	21831
-40400	21927
-40300	21626
-40200	21794
-40100	21868
-40000	21930
-39900	21478
-39800	21866
-39700	21621
-39600	21886
-39500	21721
-39400	21703
-39300	21913
-39200	21796
-39100	21697
-39000	21968
-38900	21538
-38800	21663
-38700	21720
-38600	21601
-38500	21611
-38400	21784
-38300	21830
-38200	21760
-38100	22100
-38000	21703
-37900	21542
-37800	21988
-37700	21764
-37600	21569
-37500	21811
-37400	21956
-37300	21719
-37200	21824
-37100	21827
-37000	21755
-36900	21642
-36800	21569
-36700	21895
-36600	21538
-36500	21623
-36400	21646
-36300	21681
-36200	21930
-36100	21527
-36000	21851
-35900	21409
-35800	21561
-35700	21623
-35600	21762
-35500	21603
-35400	21754
-35300	21837
-35200	21627
-35100	21516
-35000	21576
-34900	21767
-34800	21720
-34700	21875
-34600	21933
-34500	21757
-34400	21745
-34300	21939
-34200	21626
-34100	21787
-34000	21857
-33900	22154
-33800	21660
-33700	21745
-33600	21969
-33500	21679
-33400	21583
-33300	21879
-33200	21454
-33100	21742
-33000	21524
-32900	21719
-32800	21792
-32700	21499
-32600	21461
-32500	21619
-32400	21543
-32300	21851
-32200	21725
-32100	21863
-32000	21967
-31900	21692
-31800	21867
-31700	21848
-31600	21641
-31500	21837
-31400	21742
-31300	21500
-31200	21843
-31100	21567
-31000	21716
-30900	21577
-30800	21828
-30700	21831
-30600	21956
-30500	22046
-30400	21882
-30300	21918
-30200	21719
-30100	22000
-30000	21985
-29900	21627
-29800	21869
-29700	21666
-29600	21728
-29500	21799
-29400	21651
-29300	21791
-29200	21765
-29100	21546
-29000	21588
-28900	22109
-28800	21631
-28700	22003
-28600	21603
-28500	21767
-28400	21689
-28300	21476
-28200	21732
-28100	21771
-28000	21806
-27900	21861
-27800	21770
-27700	21817
-27600	21688
-27500	21563
-27400	21950
-27300	21855
-27200	21658
-27100	21904
-27000	21854
-26900	21814
-26800	21741
-26700	21326
-26600	22034
-26500	21931
-26400	21872
-26300	21436
-26200	21870
-26100	21956
-26000	21431
-25900	21671
-25800	22009
-25700	21772
-25600	21587
-25500	21696
-25400	21818
-25300	21886
-25200	21742
-25100	22018
-25000	21702
-24900	21961
-24800	22032
-24700	21663
-24600	21794
-24500	21816
-24400	21770
-24300	21786
-24200	21770
-24100	21869
-24000	21585
-23900	21806
-23800	21789
-23700	21703
-23600	21716
-23500	21688
-23400	21787
-23300	22009
-23200	21757
-23100	21546
-23000	21764
-22900	21687
-22800	21580
-22700	21807
-22600	21929
-22500	21626
-22400	21703
-22300	21866
-22200	21851
-22100	21809
-22000	21849
-21900	21872
-21800	21375
-21700	21655
-21600	21729
-21500	21655
-21400	21791
-21300	21962
-21200	21496
-21100	22070
-21000	21758
-20900	21646
-20800	21790
-20700	21562
-20600	21844
-20500	21774
-20400	21852
-20300	21557
-20200	21825
-20100	22017
-20000	21779
-19900	21682
-19800	21696
-19700	21726
-19600	21814
-19500	21749
-19400	21788
-19300	21636
-19200	21863
-19100	21736
-19000	21758
-18900	21852
-18800	21626
-18700	21851
-18600	21689
-18500	21499
-18400	21889
-18300	21501
-18200	21889
-18100	21889
-18000	21897
-17900	21757
-17800	21658
-17700	21971
-17600	21701
-17500	21772
-17400	21632
-17300	21661
-17200	21854
-17100	21927
-17000	21677
-16900	21668
-16800	21663
-16700	21751
-16600	21826
-16500	21909
-16400	22001
-16300	21777
-16200	21781
-16100	21776
-16000	21728
-15900	21563
-15800	21760
-15700	21992
-15600	21714
-15500	21894
-15400	21697
-15300	21826
-15200	21997
-15100	21961
-15000	21679
-14900	21639
-14800	21721
-14700	21751
-14600	21822
-14500	21758
-14400	21595
-14300	22131
-14200	21628
-14100	21877
-14000	21980
-13900	21569
-13800	21836
-13700	21768
-13600	21941
-13500	21704
-13400	21814
-13300	21379
-13200	21819
-13100	21571
-13000	21699
-12900	21846
-12800	21881
-12700	21735
-12600	21683
-12500	21837
-12400	21861
-12300	21696
-12200	21623
-12100	21585
-12000	21677
-11900	21684
-11800	21998
-11700	21738
-11600	21697
-11500	21910
-11400	21765
-11300	21928
-11200	21778
-11100	21987
-11000	21713
-10900	21552
-10800	21918
-10700	21592
-10600	21896
-10500	21586
-10400	21556
-10300	21842
-10200	21655
-10100	21414
-10000	22028
-9900	21792
-9800	21915
-9700	21837
-9600	21565
-9500	21840
-9400	21579
-9300	21927
-9200	21531
-9100	21639
-9000	21884
-8900	21726
-8800	21969
-8700	22057
-8600	21695
-8500	21690
-8400	21819
-8300	21566
-8200	21914
-8100	21611
-8000	21826
-7900	21713
-7800	22097
-7700	21665
-7600	21604
-7500	21848
-7400	21775
-7300	21911
-7200	21783
-7100	21869
-7000	21658
-6900	21708
-6800	22014
-6700	22043
-6600	21737
-6500	21569
-6400	21716
-6300	22000
-6200	21849
-6100	22056
-6000	21452
-5900	21978
-5800	21847
-5700	22145
-5600	21845
-5500	21937
-5400	22087
-5300	21870
-5200	21993
-5100	21606
-5000	21817
-4900	21865
-4800	21641
-4700	22092
-4600	21852
-4500	21763
-4400	22011
-4300	21487
-4200	21723
-4100	21526
-4000	21881
-3900	22110
-3800	21855
-3700	21932
-3600	21821
-3500	22060
-3400	21733
-3300	21927
-3200	21893
-3100	22004
-3000	21931
-2900	22010
-2800	21895
-2700	21811
-2600	21756
-2500	21914
-2400	21883
-2300	21559
-2200	21656
-2100	21557
-2000	21928
-1900	21933
-1800	21741
-1700	21756
-1600	21618
-1500	21639
-1400	21827
-1300	21528
-1200	21647
-1100	21799
-1000	21975
-900	21690
-800	21688
-700	21858
-600	21720
-500	21544
-400	21713
-300	21811
-200	21663
-100	21936
0	21824
100	21559
200	21518
300	21562
400	21818
500	21475
600	21559
700	21548
800	21686
900	21319
1000	21337
1100	21417
1200	21093
1300	21156
1400	20916
1500	21312
1600	21723
1700	21934
1800	22543
1900	23981
2000	25457
2100	26679
2200	27559
2300	26920
2400	25571
2500	24200
2600	22910
2700	22266
2800	21544
2900	21514
3000	21173
3100	21300
3200	21286
3300	21194
3400	21327
3500	21635
3600	21513
3700	21717
3800	21791
3900	21763
4000	21763
4100	21804
4200	21939
4300	21956
4400	21573
4500	21930
4600	21736
4700	22029
4800	21999
4900	21871
5000	22094
5100	22075
5200	21716
5300	21806
5400	21471
5500	21840
5600	21545
5700	21607
5800	21696
5900	22095
6000	21775
6100	21716
6200	21753
6300	21670
6400	21688
6500	21682
6600	21625
6700	21925
6800	21862
6900	21756
7000	21682
7100	21754
7200	21897
7300	21788
7400	21647
7500	21859
7600	21916
7700	21964
7800	21713
7900	21758
8000	22027
8100	21934
8200	21701
8300	21941
8400	21677
8500	21779
8600	21865
8700	21660
8800	21864
8900	22103
9000	21539
9100	21870
9200	21757
9300	21915
9400	21715
9500	21806
9600	21972
9700	22037
9800	21616
9900	22042
10000	21827
10100	21760
10200	21836
10300	21709
10400	21889
10500	21503
10600	21667
10700	21654
10800	22025
10900	21871
11000	21622
11100	21793
11200	21652
11300	21916
11400	21640
11500	21653
11600	21793
11700	22104
11800	21765
11900	21593
12000	21649
12100	21685
12200	21521
12300	21766
12400	21608
12500	21895
12600	21792
12700	21936
12800	21818
12900	21747
13000	21829
13100	21611
13200	21885
13300	21920
13400	21982
13500	21840
13600	21965
13700	21806
13800	21648
13900	21783
14000	21880
14100	21659
14200	21858
14300	21409
14400	21826
14500	21633
14600	21596
14700	21738
14800	21685
14900	21743
15000	21609
15100	21891
15200	21859
15300	21642
15400	21822
15500	21841
15600	21735
15700	21928
15800	21572
15900	21643
16000	21721
16100	21764
16200	21788
16300	21786
16400	21629
16500	21878
16600	21804
16700	21564
16800	22063
16900	22021
17000	22088
17100	21848
17200	21758
17300	21728
17400	21845
17500	21888
17600	21653
17700	21770
17800	21639
17900	21862
18000	21783
18100	21885
18200	21846
18300	21616
18400	21675
18500	21963
18600	21712
18700	21851
18800	21533
18900	21714
19000	21921
19100	21908
19200	21646
19300	21803
19400	21638
19500	21718
19600	21607
19700	21540
19800	21972
19900	21910
20000	21532
20100	21715
20200	21754
20300	22172
20400	21716
20500	21705
20600	21623
20700	21907
20800	21847
20900	21657
21000	21673
21100	21898
21200	21756
21300	21810
21400	21649
21500	21818
21600	21825
21700	21738
21800	21738
21900	21926
22000	21766
22100	21559
22200	21526
22300	21645
22400	21767
22500	21795
22600	21833
22700	21711
22800	21575
22900	21529
23000	21751
23100	21881
23200	21940
23300	21673
23400	21611
23500	21605
23600	21796
23700	21904
23800	21811
23900	21827
24000	21958
24100	21651
24200	21646
24300	21480
24400	21881
24500	21721
24600	21632
24700	21642
24800	21800
24900	21826
25000	21637
25100	21964
25200	21975
25300	21591
25400	21770
25500	21860
25600	21698
25700	21797
25800	21664
25900	21828
26000	21752
26100	21748
26200	21615
26300	21788
26400	21788
26500	21754
26600	21710
26700	21643
26800	21714
26900	21718
27000	21905
27100	21604
27200	21751
27300	21947
27400	21804
27500	21740
27600	21793
27700	21731
27800	21638
27900	21776
28000	21654
28100	21653
28200	21533
28300	21757
28400	22081
28500	21543
28600	21712
28700	21844
28800	21884
28900	21598
29000	21609
29100	21894
29200	21670
29300	21779
29400	21706
29500	21722
29600	21636
29700	21953
29800	21590
29900	21598
30000	21894
30100	21838
30200	21977
30300	21544
30400	21874
30500	21768
30600	21809
30700	21846
30800	21790
30900	21723
31000	21771
31100	21767
31200	21875
31300	21694
31400	21605
31500	21882
31600	21993
31700	22064
31800	21879
31900	21771
32000	21805
32100	21653
32200	21711
32300	21677
32400	21912
32500	21467
32600	21760
32700	21824
32800	21839
32900	21747
33000	21765
33100	21830
33200	21645
33300	21643
33400	21731
33500	21749
33600	21882
33700	21639
33800	21720
33900	21728
34000	21733
34100	21714
34200	21838
34300	21912
34400	21977
34500	21813
34600	21865
34700	21671
34800	21840
34900	21949
35000	21743
35100	21682
35200	21720
35300	21734
35400	21876
35500	21988
35600	21703
35700	22018
35800	21716
35900	21677
36000	21669
36100	21632
36200	21957
36300	21776
36400	21772
36500	21900
36600	21599
36700	21777
36800	21623
36900	21703
37000	21858
37100	21721
37200	21853
37300	21678
37400	21884
37500	21646
37600	21654
37700	21800
37800	21772
37900	21925
38000	21796
38100	21849
38200	21453
38300	21506
38400	21721
38500	21548
38600	21689
38700	21333
38800	21606
38900	21747
39000	21830
39100	21668
39200	21867
39300	21767
39400	21831
39500	21852
39600	21956
39700	21698
39800	21850
39900	21803
40000	21849
40100	22035
40200	21859
40300	21769
40400	21596
40500	21918
40600	21815
40700	21580
40800	21538
40900	21562
41000	21819
41100	21632
41200	21714
41300	21593
41400	21795
41500	21867
41600	21540
41700	21842
41800	21950
41900	21480
42000	21729
42100	21906
42200	21642
42300	21829
42400	21679
42500	21675
42600	21919
42700	21707
42800	21909
42900	21758
43000	21541
43100	21788
43200	21917
43300	21717
43400	21740
43500	21675
43600	21861
43700	21800
43800	21839
43900	21449
44000	21694
44100	21731
44200	21685
44300	21615
44400	22100
44500	21681
44600	21760
44700	21853
44800	21711
44900	21587
45000	21831
45100	21827
45200	21874
45300	21966
45400	21729
45500	21873
45600	21795
45700	21907
45800	21810
45900	21810
46000	22076
46100	21675
46200	21771
46300	21843
46400	21573
46500	21679
46600	22099
46700	21893
46800	21674
46900	21872
47000	22058
47100	21747
47200	21718
47300	21899
47400	21727
47500	21899
47600	21918
47700	21775
47800	21717
47900	21758
48000	21855
48100	21911
48200	21811
48300	21823
48400	21848
48500	21850
48600	21528
48700	21801
48800	21640
48900	21737
49000	21976
49100	21742
49200	21909
49300	21781
49400	21731
49500	21855
49600	21865
49700	21614
49800	21714
49900	21855
50000	21609
50100	21765
50200	21717
50300	21489
50400	21697
50500	21808
50600	21850
50700	21939
50800	21555
50900	21763
51000	21741
51100	22023
51200	21575
51300	21694
51400	21778
51500	21626
51600	22110
51700	21804
51800	21593
51900	21782
52000	21864
52100	22171
52200	21920
52300	21913
52400	21570
52500	21898
52600	21873
52700	21798
52800	21744
52900	21733
53000	21699
53100	21886
53200	21845
53300	21723
53400	21878
53500	22021
53600	21733
53700	21939
53800	21893
53900	21780
54000	22040
54100	21871
54200	21910
54300	21843
54400	21782
54500	21435
54600	21852
54700	21922
54800	22015
54900	21648
55000	21910
55100	21769
55200	21782
55300	21890
55400	21830
55500	21674
55600	21732
55700	21744
55800	21791
55900	21957
56000	21681
56100	21727
56200	21508
56300	21790
56400	22054
56500	21863
56600	21779
56700	22050
56800	21852
56900	21938
57000	21862
57100	21726
57200	21707
57300	21973
57400	21618
57500	21818
57600	21797
57700	21999
57800	21901
57900	21812
58000	21810
58100	21838
58200	22067
58300	21886
58400	21787
58500	22064
58600	21681
58700	21728
58800	22202
58900	21974
59000	21601
59100	21996
59200	21820
59300	21955
59400	22019
59500	21912
59600	21904
59700	22011
59800	21861
59900	21647
60000	22088
60100	21989
60200	21628
60300	21881
60400	21848
60500	21609
60600	21718
60700	21641
60800	21798
60900	21672
61000	22061
61100	21776
61200	21690
61300	21740
61400	21706
61500	21762
61600	22009
61700	21896
61800	22123
61900	21650
62000	21845
62100	22010
62200	21791
62300	21741
62400	21939
62500	22072
62600	21838
62700	22094
62800	21486
62900	21876
63000	21880
63100	21981
63200	21637
63300	21798
63400	21685
63500	21669
63600	22075
63700	22111
63800	21964
63900	21619
64000	21705
64100	21930
64200	21793
64300	21558
64400	21617
64500	21446
64600	21743
64700	21971
64800	21822
64900	21865
65000	21925
65100	21691
65200	21815
65300	22029
65400	21897
65500	21822
65600	21679
65700	21627
65800	21837
65900	21834
66000	21752
66100	21645
66200	21744
66300	22002
66400	21550
66500	22002
66600	21673
66700	22027
66800	21968
66900	21843
67000	21712
67100	22115
67200	21933
67300	21526
67400	21854
67500	21607
67600	21755
67700	21555
67800	21712
67900	21833
68000	21577
68100	21814
68200	21492
68300	21815
68400	21768
68500	21994
68600	21919
68700	21682
68800	22042
68900	21894
69000	21998
69100	21779
69200	21769
69300	21859
69400	21898
69500	21962
69600	21864
69700	21539
69800	21863
69900	21540
70000	21857
70100	21740
70200	21756
70300	21679
70400	21865
70500	21941
70600	21531
70700	21856
70800	21744
70900	21787
71000	21687
71100	21968
71200	21820
71300	21875
71400	21503
71500	21835
71600	21731
71700	21834
71800	21712
71900	21783
72000	21616
72100	21846
72200	21909
72300	21730
72400	21493
72500	21520
72600	21807
72700	21934
72800	21439
72900	21687
73000	21831
73100	21699
73200	21617
73300	21795
73400	21433
73500	21899
73600	21659
73700	22117
73800	21633
73900	21845
74000	22046
74100	21915
74200	21850
74300	21702
74400	21812
74500	21818
74600	21883
74700	21722
74800	21837
74900	21818
75000	21675
75100	21543
75200	21847
75300	21852
75400	21607
75500	21518
75600	21917
75700	21722
75800	21775
75900	21762
76000	21485
76100	21516
76200	21788
76300	21793
76400	21546
76500	21464
76600	21449
76700	21793
76800	21488
76900	21730
77000	21930
77100	21773
77200	21448
77300	21835
77400	22090
77500	21634
77600	21528
77700	21836
77800	21794
77900	21658
78000	21827
78100	21899
78200	22047
78300	21553
78400	21832
78500	22067
78600	21760
78700	21842
78800	21729
78900	21632
79000	21589
79100	21598
79200	21839
79300	21790
79400	21777
79500	21664
79600	21562
79700	21814
79800	21672
79900	21769
80000	21589
80100	21786
80200	21999
80300	21861
80400	21603
80500	21800
80600	21920
80700	21887
80800	21882
80900	21588
81000	21912
81100	21731
81200	21790
81300	21787
81400	21815
81500	21317
81600	21849
81700	21633
81800	21691
81900	21553
82000	21765
82100	21458
82200	21802
82300	21687
82400	22150
82500	21688
82600	21989
82700	21680
82800	21714
82900	21503
83000	21743
83100	21926
83200	21667
83300	21738
83400	21583
83500	21562
83600	21807
83700	21794
83800	21953
83900	21680
84000	21712
84100	21571
84200	21791
84300	21791
84400	21701
84500	21634
84600	21914
84700	21820
84800	22047
84900	21642
85000	21482
85100	21602
85200	21920
85300	21919
85400	21577
85500	21888
85600	21649
85700	21768
85800	21529
85900	21731
86000	21781
86100	21884
86200	21724
86300	21637
86400	21712
86500	21708
86600	21769
86700	22052
86800	21819
86900	21732
87000	21901
87100	21685
87200	21631
87300	21873
87400	21744
87500	21750
87600	21937
87700	21678
87800	21994
87900	21608
88000	21726
88100	21575
88200	21827
88300	21467
88400	21755
88500	21637
88600	21811
88700	21870
88800	21622
88900	21903
89000	21983
89100	21707
89200	21399
89300	21623
89400	21460
89500	21474
89600	21832
89700	21865
89800	21677
89900	21669
90000	21650
90100	21533
90200	21960
90300	22092
90400	21934
90500	21726
90600	21573
90700	21732
90800	21393
90900	21821
91000	22003
91100	21415
91200	21682
91300	22073
91400	21914
91500	21570
91600	21957
91700	21844
91800	21699
91900	21808
92000	21639
92100	21565
92200	21591
92300	21556
92400	21936
92500	21804
92600	21604
92700	21688
92800	21878
92900	21637
93000	21725
93100	21772
93200	21696
93300	21638
93400	21686
93500	21841
93600	21489
93700	21712
93800	21567
93900	21803
94000	21827
94100	21542
94200	21891
94300	21572
94400	21549
94500	21533
94600	21766
94700	21740
94800	21756
94900	21596
95000	21813
95100	21842
95200	21918
95300	21861
95400	21903
95500	21598
95600	21576
95700	21715
95800	21648
95900	21829
96000	21751
96100	21639
96200	21845
96300	21909
96400	21687
96500	22021
96600	21602
96700	21840
96800	21608
96900	21644
97000	21649
97100	21543
97200	21738
97300	21780
97400	21812
97500	21713
97600	21814
97700	21871
97800	21552
97900	21902
98000	21963
98100	21661
98200	21647
98300	21917
98400	21833
98500	21476
98600	21732
98700	21563
98800	21480
98900	21974
99000	21742
99100	21968
99200	21732
99300	21852
99400	21716
99500	21605
99600	21563
99700	21570
99800	21832
99900	21667
