"Time differences (ps)"	"Counts per bin"
-50000	142
-49900	169
-49800	133
-49700	142
-49600	143
-49500	142
-49400	140
-49300	152
-49200	159
-49100	172
-49000	177
-48900	157
-48800	178
-48700	167
-48600	170
-48500	155
-48400	151
-48300	175
-48200	175
-48100	156
-48000	188
-47900	152
-47800	171
-47700	166
-47600	151
-47500	167
-47400	154
-47300	160
-47200	157
-47100	160
-47000	184
-46900	170
-46800	156
-46700	147
-46600	151
-46500	155
-46400	149
-46300	155
-46200	174
-46100	170
-46000	177
-45900	184
-45800	157
-45700	173
-45600	134
-45500	170
-45400	157
-45300	145
-45200	142
-45100	145
-45000	173
-44900	159
-44800	164
-44700	147
-44600	157
-44500	134
-44400	158
-44300	169
-44200	166
-44100	151
-44000	154
-43900	151
-43800	166
-43700	146
-43600	138
-43500	164
-43400	150
-43300	166
-43200	162
-43100	160
-43000	186
-42900	151
-42800	154
-42700	146
-42600	153
-42500	147
-42400	180
-42300	130
-42200	180
-42100	180
-42000	163
-41900	173
-41800	192
-41700	157
-41600	159
-41500	177
-41400	169
-41300	159
-41200	175
-41100	134
-41000	156
-40900	140
-40800	173
-40700	179
-40600	149
-40500	173
-40400	148
-40300	160
-40200	164
-40100	166
-40000	166
-39900	148
-39800	168
-39700	147
-39600	151
-39500	157
-39400	151
-39300	161
-39200	148
-39100	135
-39000	175
-38900	176
-38800	167
-38700	133
-38600	159
-38500	158
-38400	148
-38300	145
-38200	159
-38100	161
-38000	145
-37900	166
-37800	161
-37700	149
-37600	162
-37500	139
-37400	166
-37300	155
-37200	152
-37100	159
-37000	152
-36900	151
-36800	166
-36700	169
-36600	155
-36500	153
-36400	159
-36300	179
-36200	134
-36100	169
-36000	140
-35900	132
-35800	151
-35700	150
-35600	176
-35500	129
-35400	156
-35300	140
-35200	146
-35100	152
-35000	147
-34900	159
-34800	167
-34700	149
-34600	160
-34500	163
-34400	155
-34300	154
-34200	163
-34100	151
-34000	152
-33900	180
-33800	180
-33700	154
-33600	167
-33500	162
-33400	185
-33300	163
-33200	171
-33100	160
-33000	128
-32900	167
-32800	173
-32700	157
-32600	148
-32500	162
-32400	155
-32300	177
-32200	157
-32100	168
-32000	146
-31900	142
-31800	181
-31700	158
-31600	148
-31500	184
-31400	137
-31300	145
-31200	181
-31100	170
-31000	150
-30900	143
-30800	162
-30700	165
-30600	127
-30500	160
-30400	159
-30300	162
-30200	162
-30100	171
-30000	145
-29900	127
-29800	158
-29700	141
-29600	168
-29500	154
-29400	191
-29300	163
-29200	178
-29100	152
-29000	160
-28900	166
-28800	146
-28700	146
-28600	152
-28500	149
-28400	160
-28300	167
-28200	154
-28100	152
-28000	179
-27900	172
-27800	146
-27700	152
-27600	151
-27500	150
-27400	159
-27300	154
-27200	166
-27100	166
-27000	175
-26900	170
-26800	137
-26700	132
-26600	162
-26500	176
-26400	172
-26300	155
-26200	157
-26100	141
-26000	156
-25900	175
-25800	141
-25700	161
-25600	165
-25500	161
-25400	167
-25300	160
-25200	144
-25100	151
-25000	149
-24900	168
-24800	164
-24700	176
-24600	157
-24500	168
-24400	145
-24300	146
-24200	147
-24100	157
-24000	163
-23900	154
-23800	155
-23700	159
-23600	153
-23500	169
-23400	184
-23300	171
-23200	152
-23100	154
-23000	141
-22900	159
-22800	156
-22700	150
-22600	149
-22500	147
-22400	149
-22300	140
-22200	158
-22100	158
-22000	160
-21900	164
-21800	157
-21700	138
-21600	152
-21500	166
-21400	156
-21300	157
-21200	161
-21100	175
-21000	174
-20900	139
-20800	142
-20700	162
-20600	150
-20500	133
-20400	149
-20300	162
-20200	174
-20100	166
-20000	150
-19900	170
-19800	175
-19700	141
-19600	160
-19500	164
-19400	138
-19300	169
-19200	160
-19100	156
-19000	174
-18900	150
-18800	162
-18700	193
-18600	157
-18500	170
-18400	163
-18300	141
-18200	149
-18100	157
-18000	162
-17900	171
-17800	175
-17700	159
-17600	160
-17500	161
-17400	169
-17300	153
-17200	141
-17100	148
-17000	169
-16900	161
-16800	136
-16700	168
-16600	151
-16500	137
-16400	167
-16300	144
-16200	165
-16100	155
-16000	177
-15900	139
-15800	168
-15700	150
-15600	158
-15500	155
-15400	141
-15300	151
-15200	164
-15100	155
-15000	148
-14900	145
-14800	159
-14700	149
-14600	152
-14500	157
-14400	131
-14300	158
-14200	138
-14100	155
-14000	156
-13900	168
-13800	147
-13700	167
-13600	147
-13500	141
-13400	173
-13300	143
-13200	150
-13100	150
-13000	149
-12900	151
-12800	161
-12700	155
-12600	178
-12500	146
-12400	149
-12300	168
-12200	158
-12100	156
-12000	145
-11900	142
-11800	160
-11700	160
-11600	168
-11500	161
-11400	162
-11300	149
-11200	158
-11100	155
-11000	171
-10900	173
-10800	178
-10700	148
-10600	160
-10500	168
-10400	154
-10300	158
-10200	157
-10100	164
-10000	154
-9900	142
-9800	151
-9700	156
-9600	151
-9500	163
-9400	170
-9300	160
-9200	163
-9100	152
-9000	161
-8900	168
-8800	157
-8700	168
-8600	161
-8500	163
-8400	147
-8300	155
-8200	167
-8100	163
-8000	177
-7900	159
-7800	138
-7700	148
-7600	163
-7500	160
-7400	153
-7300	160
-7200	192
-7100	178
-7000	144
-6900	158
-6800	179
-6700	144
-6600	160
-6500	162
-6400	174
-6300	182
-6200	155
-6100	157
-6000	153
-5900	169
-5800	126
-5700	167
-5600	181
-5500	144
-5400	150
-5300	174
-5200	153
-5100	149
-5000	161
-4900	171
-4800	147
-4700	156
-4600	154
-4500	144
-4400	163
-4300	152
-4200	151
-4100	165
-4000	135
-3900	160
-3800	162
-3700	171
-3600	149
-3500	163
-3400	172
-3300	168
-3200	158
-3100	175
-3000	150
-2900	164
-2800	162
-2700	177
-2600	173
-2500	164
-2400	172
-2300	147
-2200	172
-2100	174
-2000	148
-1900	146
-1800	156
-1700	186
-1600	156
-1500	143
-1400	183
-1300	162
-1200	157
-1100	171
-1000	168
-900	165
-800	185
-700	160
-600	161
-500	153
-400	176
-300	167
-200	140
-100	161
0	139
100	180
200	150
300	147
400	175
500	178
600	179
700	173
800	178
900	146
1000	166
1100	173
1200	160
1300	172
1400	149
1500	172
1600	206
1700	199
1800	211
1900	255
2000	235
2100	292
2200	314
2300	297
2400	260
2500	244
2600	201
2700	183
2800	179
2900	169
3000	178
3100	146
3200	190
3300	192
3400	182
3500	159
3600	146
3700	168
3800	160
3900	178
4000	148
4100	172
4200	194
4300	160
4400	154
4500	154
4600	158
4700	157
4800	193
4900	157
5000	199
5100	165
5200	166
5300	171
5400	162
5500	155
5600	154
5700	131
5800	157
5900	150
6000	164
6100	159
6200	154
6300	163
6400	163
6500	175
6600	154
6700	173
6800	175
6900	167
7000	148
7100	172
7200	164
7300	162
7400	168
7500	167
7600	144
7700	162
7800	150
7900	168
8000	180
8100	160
8200	152
8300	149
8400	146
8500	145
8600	145
8700	168
8800	154
8900	177
9000	164
9100	193
9200	148
9300	179
9400	178
9500	143
9600	172
9700	165
9800	180
9900	168
10000	159
10100	170
10200	123
10300	167
10400	164
10500	143
10600	134
10700	175
10800	145
10900	153
11000	167
11100	170
11200	177
11300	154
11400	196
11500	140
11600	175
11700	155
11800	158
11900	151
12000	149
12100	161
12200	159
12300	151
12400	177
12500	165
12600	170
12700	173
12800	156
12900	181
13000	161
13100	153
13200	147
13300	165
13400	142
13500	149
13600	158
13700	154
13800	173
13900	163
14000	149
14100	168
14200	175
14300	176
14400	163
14500	178
14600	183
14700	145
14800	133
14900	150
15000	153
15100	160
15200	148
15300	155
15400	154
15500	148
15600	150
15700	181
15800	174
15900	135
16000	165
16100	150
16200	164
16300	150
16400	136
16500	146
16600	177
16700	148
16800	147
16900	141
17000	163
17100	158
17200	172
17300	152
17400	142
17500	170
17600	173
17700	165
17800	158
17900	167
18000	165
18100	146
18200	173
18300	146
18400	168
18500	144
18600	164
18700	183
18800	171
18900	170
19000	148
19100	150
19200	147
19300	173
19400	157
19500	173
19600	138
19700	172
19800	161
19900	163
20000	168
20100	156
20200	166
20300	154
20400	160
20500	167
20600	147
20700	141
20800	142
20900	147
21000	156
21100	144
21200	159
21300	130
21400	155
21500	151
21600	153
21700	166
21800	147
21900	145
22000	172
22100	179
22200	152
22300	138
22400	170
22500	155
22600	135
22700	160
22800	170
22900	162
23000	158
23100	157
23200	159
23300	121
23400	163
23500	146
23600	139
23700	138
23800	182
23900	180
24000	165
24100	160
24200	176
24300	156
24400	144
24500	145
24600	144
24700	143
24800	189
24900	148
25000	137
25100	159
25200	141
25300	149
25400	154
25500	154
25600	164
25700	156
25800	122
25900	164
26000	171
26100	164
26200	149
26300	144
26400	158
26500	154
26600	146
26700	156
26800	171
26900	155
27000	171
27100	158
27200	172
27300	168
27400	166
27500	186
27600	181
27700	159
27800	175
27900	150
28000	171
28100	136
28200	130
28300	157
28400	134
28500	168
28600	161
28700	145
28800	161
28900	149
29000	153
29100	156
29200	149
29300	151
29400	130
29500	141
29600	161
29700	160
29800	154
29900	157
30000	159
30100	163
30200	138
30300	200
30400	146
30500	162
30600	156
30700	170
30800	162
30900	157
31000	179
31100	169
31200	146
31300	167
31400	172
31500	173
31600	138
31700	164
31800	134
31900	154
32000	149
32100	153
32200	174
32300	147
32400	121
32500	160
32600	141
32700	161
32800	154
32900	191
33000	181
33100	167
33200	166
33300	164
33400	143
33500	161
33600	163
33700	193
33800	159
33900	149
34000	168
34100	147
34200	165
34300	150
34400	144
34500	145
34600	152
34700	162
34800	155
34900	159
35000	158
35100	140
35200	147
35300	144
35400	126
35500	170
35600	165
35700	158
35800	142
35900	178
36000	135
36100	158
36200	167
36300	162
36400	160
36500	146
36600	134
36700	165
36800	133
36900	159
37000	172
37100	159
37200	156
37300	162
37400	154
37500	166
37600	158
37700	149
37800	143
37900	140
38000	154
38100	148
38200	172
38300	132
38400	161
38500	156
38600	140
38700	177
38800	148
38900	155
39000	173
39100	143
39200	160
39300	147
39400	138
39500	147
39600	162
39700	144
39800	151
39900	170
40000	161
40100	172
40200	153
40300	159
40400	146
40500	143
40600	172
40700	162
40800	167
40900	163
41000	145
41100	161
41200	144
41300	156
41400	171
41500	165
41600	154
41700	147
41800	145
41900	143
42000	162
42100	170
42200	170
42300	144
42400	137
42500	159
42600	148
42700	167
42800	152
42900	158
43000	158
43100	139
43200	158
43300	163
43400	161
43500	159
43600	162
43700	147
43800	149
43900	150
44000	159
44100	149
44200	169
44300	161
44400	132
44500	150
44600	144
44700	167
44800	156
44900	169
45000	149
45100	157
45200	169
45300	154
45400	152
45500	153
45600	153
45700	163
45800	172
45900	164
46000	148
46100	171
46200	162
46300	159
46400	143
46500	146
46600	179
46700	150
46800	151
46900	139
47000	166
47100	135
47200	172
47300	160
47400	157
47500	151
47600	143
47700	190
47800	173
47900	154
48000	189
48100	178
48200	158
48300	150
48400	144
48500	140
48600	149
48700	156
48800	134
48900	182
49000	162
49100	161
49200	167
49300	139
49400	159
49500	178
49600	140
49700	154
49800	148
49900	174
