"Time differences (ps)"	"Counts per bin"
-15000	38
-14990	38
-14980	40
-14970	31
-14960	34
-14950	34
-14940	37
-14930	34
-14920	36
-14910	32
-14900	30
-14890	30
-14880	43
-14870	32
-14860	37
-14850	29
-14840	36
-14830	35
-14820	33
-14810	42
-14800	39
-14790	33
-14780	42
-14770	30
-14760	34
-14750	44
-14740	39
-14730	40
-14720	36
-14710	38
-14700	31
-14690	33
-14680	42
-14670	25
-14660	37
-14650	34
-14640	37
-14630	38
-14620	26
-14610	25
-14600	35
-14590	35
-14580	27
-14570	42
-14560	33
-14550	40
-14540	31
-14530	25
-14520	27
-14510	36
-14500	28
-14490	27
-14480	32
-14470	35
-14460	31
-14450	34
-14440	21
-14430	19
-14420	15
-14410	33
-14400	27
-14390	25
-14380	23
-14370	23
-14360	27
-14350	27
-14340	31
-14330	18
-14320	24
-14310	35
-14300	32
-14290	29
-14280	29
-14270	18
-14260	35
-14250	30
-14240	26
-14230	32
-14220	23
-14210	41
-14200	22
-14190	33
-14180	29
-14170	25
-14160	32
-14150	15
-14140	32
-14130	27
-14120	29
-14110	26
-14100	32
-14090	25
-14080	41
-14070	22
-14060	27
-14050	24
-14040	32
-14030	23
-14020	17
-14010	33
-14000	33
-13990	23
-13980	19
-13970	27
-13960	24
-13950	25
-13940	31
-13930	25
-13920	25
-13910	27
-13900	31
-13890	27
-13880	18
-13870	26
-13860	19
-13850	21
-13840	31
-13830	32
-13820	21
-13810	23
-13800	29
-13790	33
-13780	25
-13770	22
-13760	26
-13750	25
-13740	28
-13730	21
-13720	25
-13710	19
-13700	28
-13690	26
-13680	35
-13670	19
-13660	23
-13650	19
-13640	27
-13630	25
-13620	20
-13610	30
-13600	40
-13590	19
-13580	27
-13570	28
-13560	31
-13550	26
-13540	23
-13530	25
-13520	16
-13510	26
-13500	21
-13490	20
-13480	23
-13470	23
-13460	30
-13450	13
-13440	25
-13430	21
-13420	18
-13410	15
-13400	28
-13390	22
-13380	19
-13370	22
-13360	25
-13350	20
-13340	26
-13330	24
-13320	27
-13310	16
-13300	23
-13290	19
-13280	29
-13270	23
-13260	24
-13250	16
-13240	22
-13230	20
-13220	17
-13210	21
-13200	17
-13190	16
-13180	27
-13170	24
-13160	21
-13150	26
-13140	26
-13130	24
-13120	25
-13110	19
-13100	28
-13090	24
-13080	24
-13070	25
-13060	23
-13050	26
-13040	21
-13030	17
-13020	16
-13010	21
-13000	27
-12990	21
-12980	19
-12970	18
-12960	14
-12950	16
-12940	28
-12930	30
-12920	18
-12910	22
-12900	21
-12890	19
-12880	23
-12870	17
-12860	22
-12850	24
-12840	24
-12830	24
-12820	20
-12810	23
-12800	22
-12790	22
-12780	15
-12770	14
-12760	19
-12750	22
-12740	19
-12730	23
-12720	23
-12710	20
-12700	24
-12690	18
-12680	25
-12670	17
-12660	24
-12650	18
-12640	22
-12630	20
-12620	20
-12610	21
-12600	14
-12590	22
-12580	21
-12570	19
-12560	20
-12550	25
-12540	24
-12530	17
-12520	22
-12510	31
-12500	13
-12490	18
-12480	13
-12470	18
-12460	17
-12450	22
-12440	16
-12430	22
-12420	20
-12410	22
-12400	19
-12390	24
-12380	18
-12370	23
-12360	19
-12350	33
-12340	24
-12330	17
-12320	23
-12310	26
-12300	22
-12290	13
-12280	33
-12270	20
-12260	9
-12250	22
-12240	26
-12230	21
-12220	13
-12210	14
-12200	26
-12190	16
-12180	20
-12170	18
-12160	16
-12150	16
-12140	21
-12130	20
-12120	19
-12110	23
-12100	18
-12090	17
-12080	25
-12070	21
-12060	24
-12050	24
-12040	14
-12030	21
-12020	23
-12010	24
-12000	28
-11990	18
-11980	30
-11970	14
-11960	23
-11950	28
-11940	18
-11930	26
-11920	16
-11910	23
-11900	28
-11890	14
-11880	22
-11870	22
-11860	19
-11850	25
-11840	26
-11830	16
-11820	18
-11810	23
-11800	26
-11790	24
-11780	18
-11770	26
-11760	28
-11750	22
-11740	22
-11730	16
-11720	19
-11710	26
-11700	21
-11690	22
-11680	21
-11670	15
-11660	24
-11650	25
-11640	21
-11630	24
-11620	31
-11610	41
-11600	29
-11590	30
-11580	24
-11570	29
-11560	43
-11550	44
-11540	47
-11530	42
-11520	34
-11510	42
-11500	72
-11490	69
-11480	73
-11470	94
-11460	103
-11450	116
-11440	132
-11430	152
-11420	124
-11410	174
-11400	163
-11390	173
-11380	226
-11370	186
-11360	204
-11350	191
-11340	184
-11330	186
-11320	165
-11310	195
-11300	167
-11290	171
-11280	175
-11270	201
-11260	202
-11250	229
-11240	257
-11230	311
-11220	379
-11210	469
-11200	558
-11190	660
-11180	829
-11170	995
-11160	1132
-11150	1324
-11140	1557
-11130	1716
-11120	2015
-11110	2004
-11100	2268
-11090	2495
-11080	2528
-11070	2803
-11060	2937
-11050	3115
-11040	3085
-11030	3141
-11020	3319
-11010	3367
-11000	3202
-10990	3240
-10980	3182
-10970	3102
-10960	2984
-10950	2866
-10940	2598
-10930	2445
-10920	2308
-10910	2144
-10900	1932
-10890	1738
-10880	1535
-10870	1332
-10860	1183
-10850	1045
-10840	882
-10830	802
-10820	679
-10810	579
-10800	517
-10790	404
-10780	390
-10770	324
-10760	301
-10750	289
-10740	234
-10730	217
-10720	183
-10710	163
-10700	128
-10690	145
-10680	112
-10670	120
-10660	146
-10650	130
-10640	98
-10630	114
-10620	97
-10610	94
-10600	115
-10590	73
-10580	92
-10570	77
-10560	91
-10550	101
-10540	87
-10530	64
-10520	85
-10510	66
-10500	70
-10490	70
-10480	70
-10470	77
-10460	44
-10450	64
-10440	66
-10430	46
-10420	61
-10410	52
-10400	44
-10390	48
-10380	59
-10370	43
-10360	52
-10350	55
-10340	59
-10330	46
-10320	54
-10310	51
-10300	57
-10290	45
-10280	55
-10270	53
-10260	47
-10250	47
-10240	47
-10230	57
-10220	47
-10210	67
-10200	48
-10190	58
-10180	61
-10170	68
-10160	55
-10150	67
-10140	56
-10130	51
-10120	57
-10110	49
-10100	57
-10090	53
-10080	59
-10070	73
-10060	60
-10050	52
-10040	59
-10030	59
-10020	68
-10010	57
-10000	61
-9990	52
-9980	38
-9970	58
-9960	52
-9950	50
-9940	51
-9930	50
-9920	42
-9910	50
-9900	50
-9890	49
-9880	49
-9870	55
-9860	54
-9850	50
-9840	34
-9830	45
-9820	51
-9810	48
-9800	40
-9790	60
-9780	48
-9770	52
-9760	59
-9750	49
-9740	45
-9730	46
-9720	52
-9710	45
-9700	60
-9690	47
-9680	56
-9670	64
-9660	63
-9650	67
-9640	58
-9630	47
-9620	75
-9610	51
-9600	71
-9590	48
-9580	50
-9570	58
-9560	61
-9550	58
-9540	52
-9530	61
-9520	60
-9510	50
-9500	59
-9490	56
-9480	49
-9470	54
-9460	58
-9450	49
-9440	40
-9430	56
-9420	48
-9410	53
-9400	61
-9390	59
-9380	64
-9370	63
-9360	51
-9350	57
-9340	58
-9330	41
-9320	57
-9310	59
-9300	56
-9290	66
-9280	49
-9270	62
-9260	61
-9250	80
-9240	57
-9230	57
-9220	68
-9210	70
-9200	66
-9190	63
-9180	56
-9170	47
-9160	57
-9150	61
-9140	60
-9130	71
-9120	66
-9110	57
-9100	59
-9090	55
-9080	65
-9070	52
-9060	68
-9050	65
-9040	70
-9030	61
-9020	65
-9010	82
-9000	62
-8990	62
-8980	59
-8970	52
-8960	61
-8950	61
-8940	60
-8930	67
-8920	52
-8910	77
-8900	77
-8890	63
-8880	60
-8870	52
-8860	72
-8850	58
-8840	62
-8830	62
-8820	57
-8810	78
-8800	59
-8790	55
-8780	72
-8770	55
-8760	66
-8750	57
-8740	72
-8730	62
-8720	62
-8710	79
-8700	74
-8690	75
-8680	81
-8670	75
-8660	75
-8650	70
-8640	74
-8630	66
-8620	84
-8610	66
-8600	52
-8590	66
-8580	63
-8570	72
-8560	72
-8550	74
-8540	73
-8530	90
-8520	79
-8510	83
-8500	73
-8490	64
-8480	88
-8470	84
-8460	71
-8450	58
-8440	93
-8430	68
-8420	94
-8410	86
-8400	83
-8390	77
-8380	85
-8370	81
-8360	77
-8350	85
-8340	111
-8330	92
-8320	90
-8310	96
-8300	85
-8290	115
-8280	102
-8270	120
-8260	123
-8250	136
-8240	120
-8230	135
-8220	158
-8210	180
-8200	181
-8190	202
-8180	216
-8170	238
-8160	209
-8150	225
-8140	225
-8130	242
-8120	244
-8110	191
-8100	190
-8090	202
-8080	193
-8070	168
-8060	161
-8050	162
-8040	131
-8030	134
-8020	142
-8010	118
-8000	119
-7990	94
-7980	105
-7970	97
-7960	118
-7950	79
-7940	83
-7930	68
-7920	83
-7910	96
-7900	72
-7890	63
-7880	72
-7870	72
-7860	79
-7850	67
-7840	106
-7830	75
-7820	88
-7810	90
-7800	94
-7790	84
-7780	72
-7770	78
-7760	75
-7750	81
-7740	88
-7730	82
-7720	82
-7710	73
-7700	62
-7690	94
-7680	100
-7670	77
-7660	71
-7650	97
-7640	76
-7630	74
-7620	99
-7610	72
-7600	86
-7590	92
-7580	81
-7570	73
-7560	63
-7550	72
-7540	90
-7530	73
-7520	88
-7510	71
-7500	87
-7490	63
-7480	78
-7470	82
-7460	63
-7450	74
-7440	70
-7430	84
-7420	85
-7410	83
-7400	82
-7390	80
-7380	75
-7370	83
-7360	82
-7350	79
-7340	75
-7330	70
-7320	79
-7310	91
-7300	94
-7290	78
-7280	85
-7270	79
-7260	65
-7250	90
-7240	96
-7230	84
-7220	102
-7210	88
-7200	90
-7190	73
-7180	85
-7170	98
-7160	80
-7150	80
-7140	81
-7130	83
-7120	71
-7110	96
-7100	93
-7090	76
-7080	89
-7070	68
-7060	66
-7050	98
-7040	79
-7030	73
-7020	87
-7010	79
-7000	75
-6990	83
-6980	71
-6970	72
-6960	92
-6950	82
-6940	72
-6930	85
-6920	77
-6910	82
-6900	88
-6890	62
-6880	74
-6870	88
-6860	85
-6850	87
-6840	75
-6830	79
-6820	73
-6810	81
-6800	86
-6790	83
-6780	88
-6770	78
-6760	82
-6750	86
-6740	87
-6730	88
-6720	80
-6710	70
-6700	78
-6690	91
-6680	83
-6670	89
-6660	93
-6650	107
-6640	103
-6630	95
-6620	87
-6610	76
-6600	86
-6590	102
-6580	83
-6570	87
-6560	80
-6550	72
-6540	92
-6530	76
-6520	96
-6510	90
-6500	81
-6490	78
-6480	74
-6470	83
-6460	79
-6450	76
-6440	72
-6430	76
-6420	77
-6410	89
-6400	78
-6390	81
-6380	61
-6370	93
-6360	87
-6350	84
-6340	78
-6330	86
-6320	78
-6310	92
-6300	82
-6290	91
-6280	75
-6270	94
-6260	58
-6250	64
-6240	83
-6230	103
-6220	75
-6210	99
-6200	93
-6190	99
-6180	88
-6170	108
-6160	75
-6150	86
-6140	82
-6130	87
-6120	85
-6110	77
-6100	93
-6090	80
-6080	91
-6070	96
-6060	79
-6050	86
-6040	79
-6030	81
-6020	82
-6010	73
-6000	84
-5990	75
-5980	71
-5970	78
-5960	95
-5950	98
-5940	87
-5930	70
-5920	74
-5910	93
-5900	82
-5890	67
-5880	91
-5870	97
-5860	86
-5850	81
-5840	77
-5830	73
-5820	80
-5810	86
-5800	87
-5790	84
-5780	73
-5770	69
-5760	88
-5750	75
-5740	84
-5730	74
-5720	78
-5710	89
-5700	78
-5690	73
-5680	91
-5670	83
-5660	66
-5650	83
-5640	91
-5630	80
-5620	67
-5610	78
-5600	73
-5590	88
-5580	91
-5570	61
-5560	73
-5550	66
-5540	90
-5530	87
-5520	68
-5510	75
-5500	64
-5490	92
-5480	84
-5470	66
-5460	78
-5450	79
-5440	56
-5430	65
-5420	75
-5410	78
-5400	85
-5390	80
-5380	69
-5370	70
-5360	74
-5350	84
-5340	74
-5330	75
-5320	69
-5310	89
-5300	69
-5290	64
-5280	67
-5270	78
-5260	83
-5250	71
-5240	76
-5230	80
-5220	76
-5210	76
-5200	97
-5190	79
-5180	71
-5170	79
-5160	81
-5150	93
-5140	69
-5130	83
-5120	65
-5110	89
-5100	91
-5090	82
-5080	78
-5070	65
-5060	86
-5050	67
-5040	76
-5030	66
-5020	66
-5010	75
-5000	76
-4990	70
-4980	63
-4970	77
-4960	78
-4950	59
-4940	89
-4930	72
-4920	48
-4910	69
-4900	84
-4890	62
-4880	61
-4870	79
-4860	70
-4850	65
-4840	77
-4830	65
-4820	71
-4810	67
-4800	65
-4790	89
-4780	70
-4770	63
-4760	78
-4750	77
-4740	61
-4730	62
-4720	68
-4710	64
-4700	63
-4690	69
-4680	63
-4670	75
-4660	83
-4650	61
-4640	71
-4630	72
-4620	66
-4610	53
-4600	70
-4590	79
-4580	71
-4570	75
-4560	58
-4550	69
-4540	59
-4530	62
-4520	67
-4510	57
-4500	65
-4490	66
-4480	71
-4470	68
-4460	78
-4450	58
-4440	56
-4430	75
-4420	64
-4410	64
-4400	60
-4390	74
-4380	68
-4370	58
-4360	77
-4350	59
-4340	62
-4330	58
-4320	66
-4310	78
-4300	60
-4290	66
-4280	56
-4270	61
-4260	61
-4250	84
-4240	52
-4230	64
-4220	59
-4210	83
-4200	54
-4190	58
-4180	56
-4170	67
-4160	74
-4150	61
-4140	54
-4130	62
-4120	57
-4110	68
-4100	58
-4090	74
-4080	58
-4070	67
-4060	58
-4050	63
-4040	48
-4030	56
-4020	63
-4010	66
-4000	65
-3990	50
-3980	53
-3970	68
-3960	58
-3950	66
-3940	45
-3930	63
-3920	61
-3910	51
-3900	57
-3890	55
-3880	58
-3870	68
-3860	63
-3850	58
-3840	64
-3830	59
-3820	50
-3810	52
-3800	57
-3790	57
-3780	64
-3770	68
-3760	51
-3750	45
-3740	52
-3730	53
-3720	56
-3710	61
-3700	60
-3690	57
-3680	63
-3670	60
-3660	60
-3650	50
-3640	51
-3630	46
-3620	55
-3610	62
-3600	47
-3590	52
-3580	70
-3570	54
-3560	45
-3550	55
-3540	54
-3530	57
-3520	56
-3510	49
-3500	46
-3490	42
-3480	49
-3470	36
-3460	55
-3450	62
-3440	48
-3430	56
-3420	43
-3410	48
-3400	59
-3390	46
-3380	48
-3370	50
-3360	51
-3350	52
-3340	48
-3330	65
-3320	52
-3310	48
-3300	53
-3290	41
-3280	43
-3270	66
-3260	42
-3250	57
-3240	45
-3230	45
-3220	47
-3210	47
-3200	34
-3190	60
-3180	44
-3170	45
-3160	49
-3150	48
-3140	53
-3130	37
-3120	45
-3110	45
-3100	52
-3090	57
-3080	46
-3070	55
-3060	52
-3050	44
-3040	39
-3030	49
-3020	61
-3010	45
-3000	43
-2990	50
-2980	43
-2970	40
-2960	42
-2950	43
-2940	49
-2930	48
-2920	44
-2910	57
-2900	44
-2890	48
-2880	38
-2870	55
-2860	47
-2850	51
-2840	34
-2830	39
-2820	40
-2810	42
-2800	45
-2790	39
-2780	46
-2770	40
-2760	37
-2750	34
-2740	56
-2730	46
-2720	44
-2710	36
-2700	39
-2690	38
-2680	43
-2670	45
-2660	32
-2650	31
-2640	36
-2630	41
-2620	31
-2610	42
-2600	39
-2590	41
-2580	41
-2570	50
-2560	40
-2550	37
-2540	31
-2530	38
-2520	46
-2510	29
-2500	36
-2490	35
-2480	40
-2470	44
-2460	35
-2450	27
-2440	40
-2430	31
-2420	39
-2410	38
-2400	27
-2390	43
-2380	36
-2370	30
-2360	34
-2350	22
-2340	28
-2330	41
-2320	41
-2310	28
-2300	50
-2290	36
-2280	36
-2270	39
-2260	35
-2250	38
-2240	30
-2230	30
-2220	39
-2210	49
-2200	28
-2190	32
-2180	30
-2170	38
-2160	23
-2150	30
-2140	41
-2130	35
-2120	39
-2110	36
-2100	36
-2090	24
-2080	36
-2070	28
-2060	36
-2050	31
-2040	24
-2030	29
-2020	27
-2010	33
-2000	28
-1990	41
-1980	27
-1970	33
-1960	25
-1950	30
-1940	24
-1930	30
-1920	37
-1910	28
-1900	27
-1890	33
-1880	30
-1870	36
-1860	22
-1850	19
-1840	33
-1830	26
-1820	23
-1810	29
-1800	30
-1790	38
-1780	24
-1770	32
-1760	24
-1750	34
-1740	25
-1730	40
-1720	24
-1710	36
-1700	27
-1690	20
-1680	26
-1670	21
-1660	35
-1650	27
-1640	27
-1630	25
-1620	22
-1610	24
-1600	28
-1590	30
-1580	25
-1570	23
-1560	37
-1550	27
-1540	26
-1530	37
-1520	25
-1510	24
-1500	26
-1490	24
-1480	33
-1470	23
-1460	27
-1450	28
-1440	19
-1430	28
-1420	16
-1410	25
-1400	22
-1390	20
-1380	23
-1370	10
-1360	22
-1350	32
-1340	23
-1330	26
-1320	23
-1310	36
-1300	26
-1290	22
-1280	19
-1270	26
-1260	25
-1250	16
-1240	26
-1230	20
-1220	32
-1210	26
-1200	28
-1190	25
-1180	14
-1170	22
-1160	24
-1150	19
-1140	27
-1130	24
-1120	15
-1110	27
-1100	24
-1090	25
-1080	26
-1070	26
-1060	22
-1050	29
-1040	23
-1030	16
-1020	21
-1010	15
-1000	26
-990	18
-980	23
-970	22
-960	22
-950	26
-940	19
-930	24
-920	15
-910	29
-900	18
-890	22
-880	28
-870	26
-860	17
-850	21
-840	23
-830	15
-820	17
-810	14
-800	27
-790	24
-780	18
-770	20
-760	28
-750	22
-740	24
-730	24
-720	28
-710	21
-700	16
-690	28
-680	20
-670	23
-660	19
-650	16
-640	19
-630	23
-620	27
-610	17
-600	24
-590	8
-580	21
-570	24
-560	20
-550	20
-540	22
-530	14
-520	18
-510	23
-500	26
-490	29
-480	19
-470	27
-460	17
-450	23
-440	22
-430	20
-420	15
-410	22
-400	18
-390	19
-380	14
-370	15
-360	24
-350	20
-340	19
-330	22
-320	21
-310	21
-300	21
-290	21
-280	22
-270	19
-260	21
-250	18
-240	27
-230	19
-220	30
-210	15
-200	32
-190	26
-180	20
-170	18
-160	20
-150	20
-140	18
-130	22
-120	18
-110	14
-100	18
-90	19
-80	21
-70	19
-60	14
-50	21
-40	16
-30	14
-20	18
-10	22
0	28
10	15
20	14
30	14
40	21
50	14
60	19
70	26
80	22
90	23
100	17
110	24
120	22
130	20
140	18
150	11
160	26
170	20
180	18
190	12
200	21
210	17
220	17
230	22
240	19
250	19
260	16
270	25
280	17
290	24
300	22
310	18
320	18
330	16
340	26
350	16
360	17
370	14
380	25
390	21
400	16
410	15
420	18
430	19
440	26
450	21
460	33
470	25
480	27
490	14
500	25
510	17
520	15
530	23
540	18
550	32
560	32
570	23
580	21
590	21
600	19
610	32
620	22
630	25
640	24
650	27
660	15
670	19
680	23
690	17
700	24
710	19
720	24
730	29
740	21
750	22
760	27
770	27
780	32
790	17
800	21
810	18
820	33
830	25
840	41
850	15
860	23
870	29
880	36
890	25
900	44
910	44
920	33
930	53
940	49
950	52
960	48
970	72
980	72
990	72
1000	91
1010	94
1020	111
1030	128
1040	143
1050	160
1060	150
1070	151
1080	177
1090	200
1100	193
1110	186
1120	175
1130	207
1140	196
1150	177
1160	181
1170	166
1180	174
1190	163
1200	184
1210	194
1220	254
1230	288
1240	279
1250	414
1260	444
1270	553
1280	664
1290	845
1300	1024
1310	1161
1320	1414
1330	1489
1340	1755
1350	1936
1360	2150
1370	2309
1380	2405
1390	2577
1400	2771
1410	2912
1420	2992
1430	3074
1440	3280
1450	3277
1460	3352
1470	3327
1480	3314
1490	3073
1500	3023
1510	2955
1520	2780
1530	2611
1540	2522
1550	2286
1560	2030
1570	1874
1580	1756
1590	1486
1600	1334
1610	1144
1620	1018
1630	902
1640	754
1650	631
1660	553
1670	502
1680	450
1690	373
1700	298
1710	292
1720	269
1730	244
1740	214
1750	203
1760	175
1770	142
1780	164
1790	136
1800	133
1810	104
1820	123
1830	101
1840	93
1850	90
1860	89
1870	95
1880	90
1890	89
1900	99
1910	94
1920	74
1930	88
1940	78
1950	76
1960	75
1970	68
1980	51
1990	59
2000	76
2010	56
2020	55
2030	61
2040	52
2050	43
2060	49
2070	57
2080	43
2090	48
2100	47
2110	50
2120	51
2130	48
2140	55
2150	58
2160	61
2170	58
2180	45
2190	52
2200	51
2210	47
2220	53
2230	57
2240	54
2250	65
2260	53
2270	53
2280	64
2290	52
2300	63
2310	52
2320	55
2330	68
2340	51
2350	57
2360	54
2370	57
2380	62
2390	54
2400	49
2410	55
2420	46
2430	59
2440	62
2450	59
2460	53
2470	55
2480	55
2490	68
2500	52
2510	50
2520	64
2530	49
2540	58
2550	46
2560	57
2570	47
2580	52
2590	68
2600	38
2610	47
2620	64
2630	46
2640	56
2650	49
2660	50
2670	55
2680	53
2690	54
2700	48
2710	68
2720	39
2730	51
2740	47
2750	64
2760	71
2770	59
2780	52
2790	50
2800	58
2810	73
2820	55
2830	57
2840	47
2850	69
2860	71
2870	56
2880	55
2890	55
2900	57
2910	76
2920	56
2930	59
2940	63
2950	60
2960	61
2970	52
2980	52
2990	44
3000	65
3010	63
3020	64
3030	54
3040	72
3050	51
3060	48
3070	60
3080	57
3090	63
3100	58
3110	48
3120	57
3130	57
3140	51
3150	72
3160	69
3170	53
3180	61
3190	51
3200	69
3210	75
3220	66
3230	67
3240	63
3250	63
3260	66
3270	63
3280	72
3290	69
3300	86
3310	74
3320	74
3330	68
3340	88
3350	67
3360	60
3370	78
3380	82
3390	72
3400	48
3410	60
3420	62
3430	64
3440	55
3450	83
3460	59
3470	54
3480	68
3490	71
3500	67
3510	66
3520	70
3530	61
3540	59
3550	66
3560	60
3570	50
3580	65
3590	42
3600	62
3610	63
3620	59
3630	67
3640	64
3650	70
3660	69
3670	59
3680	70
3690	57
3700	79
3710	64
3720	63
3730	58
3740	72
3750	67
3760	62
3770	63
3780	86
3790	88
3800	73
3810	58
3820	71
3830	75
3840	65
3850	77
3860	63
3870	78
3880	76
3890	76
3900	64
3910	68
3920	76
3930	88
3940	63
3950	83
3960	83
3970	84
3980	76
3990	75
4000	92
4010	65
4020	70
4030	73
4040	70
4050	70
4060	71
4070	80
4080	72
4090	83
4100	67
4110	80
4120	83
4130	82
4140	96
4150	87
4160	90
4170	96
4180	121
4190	99
4200	93
4210	133
4220	150
4230	148
4240	181
4250	157
4260	185
4270	188
4280	200
4290	217
4300	231
4310	213
4320	216
4330	203
4340	217
4350	241
4360	197
4370	221
4380	200
4390	216
4400	183
4410	146
4420	160
4430	148
4440	137
4450	134
4460	119
4470	106
4480	112
4490	90
4500	92
4510	84
4520	94
4530	93
4540	53
4550	86
4560	85
4570	84
4580	73
4590	84
4600	98
4610	109
4620	84
4630	73
4640	102
4650	62
4660	89
4670	80
4680	82
4690	89
4700	74
4710	95
4720	75
4730	100
4740	75
4750	116
4760	87
4770	72
4780	73
4790	96
4800	74
4810	104
4820	72
4830	72
4840	95
4850	89
4860	79
4870	87
4880	88
4890	83
4900	78
4910	78
4920	93
4930	77
4940	78
4950	90
4960	65
4970	73
4980	75
4990	73
5000	64
5010	70
5020	75
5030	67
5040	92
5050	85
5060	82
5070	77
5080	77
5090	77
5100	65
5110	103
5120	78
5130	78
5140	92
5150	68
5160	73
5170	77
5180	73
5190	81
5200	74
5210	82
5220	71
5230	63
5240	86
5250	81
5260	87
5270	98
5280	101
5290	85
5300	74
5310	88
5320	68
5330	94
5340	83
5350	85
5360	94
5370	101
5380	87
5390	82
5400	88
5410	77
5420	72
5430	101
5440	81
5450	69
5460	94
5470	74
5480	96
5490	65
5500	75
5510	88
5520	94
5530	86
5540	79
5550	75
5560	72
5570	71
5580	77
5590	77
5600	95
5610	82
5620	90
5630	67
5640	77
5650	75
5660	75
5670	75
5680	70
5690	97
5700	75
5710	80
5720	93
5730	96
5740	96
5750	76
5760	77
5770	88
5780	69
5790	86
5800	78
5810	69
5820	85
5830	90
5840	79
5850	84
5860	86
5870	71
5880	87
5890	83
5900	103
5910	89
5920	74
5930	77
5940	76
5950	81
5960	80
5970	88
5980	91
5990	76
6000	79
6010	81
6020	93
6030	88
6040	57
6050	90
6060	80
6070	59
6080	74
6090	95
6100	64
6110	93
6120	96
6130	66
6140	74
6150	98
6160	74
6170	70
6180	88
6190	61
6200	93
6210	83
6220	93
6230	70
6240	86
6250	87
6260	94
6270	79
6280	79
6290	97
6300	75
6310	83
6320	93
6330	67
6340	70
6350	84
6360	82
6370	87
6380	78
6390	92
6400	92
6410	94
6420	98
6430	67
6440	86
6450	73
6460	87
6470	91
6480	82
6490	76
6500	77
6510	84
6520	75
6530	93
6540	83
6550	74
6560	90
6570	89
6580	80
6590	79
6600	79
6610	85
6620	85
6630	86
6640	82
6650	71
6660	70
6670	84
6680	74
6690	84
6700	85
6710	84
6720	72
6730	68
6740	95
6750	89
6760	73
6770	86
6780	82
6790	91
6800	85
6810	90
6820	71
6830	84
6840	82
6850	76
6860	81
6870	84
6880	68
6890	72
6900	94
6910	88
6920	66
6930	88
6940	85
6950	92
6960	71
6970	78
6980	70
6990	82
7000	77
7010	74
7020	72
7030	72
7040	73
7050	73
7060	83
7070	83
7080	72
7090	76
7100	65
7110	86
7120	71
7130	61
7140	80
7150	91
7160	63
7170	101
7180	82
7190	75
7200	73
7210	79
7220	88
7230	72
7240	77
7250	96
7260	86
7270	77
7280	73
7290	71
7300	80
7310	92
7320	60
7330	84
7340	82
7350	80
7360	84
7370	66
7380	78
7390	75
7400	78
7410	73
7420	63
7430	66
7440	63
7450	67
7460	62
7470	68
7480	67
7490	86
7500	74
7510	52
7520	77
7530	69
7540	64
7550	80
7560	65
7570	71
7580	78
7590	81
7600	75
7610	71
7620	75
7630	65
7640	74
7650	72
7660	91
7670	74
7680	79
7690	68
7700	81
7710	75
7720	79
7730	70
7740	62
7750	64
7760	72
7770	81
7780	80
7790	72
7800	75
7810	63
7820	76
7830	67
7840	76
7850	64
7860	66
7870	79
7880	75
7890	60
7900	72
7910	72
7920	72
7930	58
7940	76
7950	67
7960	80
7970	61
7980	87
7990	53
8000	62
8010	64
8020	67
8030	58
8040	58
8050	67
8060	54
8070	59
8080	52
8090	44
8100	61
8110	59
8120	71
8130	63
8140	57
8150	52
8160	67
8170	70
8180	59
8190	52
8200	76
8210	65
8220	60
8230	71
8240	60
8250	72
8260	45
8270	58
8280	58
8290	61
8300	71
8310	61
8320	54
8330	58
8340	68
8350	64
8360	70
8370	55
8380	65
8390	49
8400	59
8410	59
8420	58
8430	63
8440	49
8450	57
8460	67
8470	57
8480	74
8490	67
8500	55
8510	51
8520	63
8530	57
8540	69
8550	57
8560	64
8570	58
8580	48
8590	60
8600	58
8610	55
8620	57
8630	56
8640	54
8650	56
8660	56
8670	53
8680	64
8690	44
8700	41
8710	54
8720	55
8730	77
8740	66
8750	61
8760	58
8770	62
8780	59
8790	76
8800	49
8810	52
8820	57
8830	54
8840	52
8850	52
8860	59
8870	57
8880	49
8890	54
8900	55
8910	69
8920	57
8930	61
8940	61
8950	60
8960	60
8970	50
8980	41
8990	60
9000	42
9010	53
9020	42
9030	58
9040	57
9050	47
9060	38
9070	62
9080	52
9090	51
9100	59
9110	47
9120	50
9130	41
9140	50
9150	51
9160	52
9170	36
9180	59
9190	54
9200	43
9210	59
9220	46
9230	63
9240	48
9250	44
9260	45
9270	55
9280	57
9290	53
9300	47
9310	58
9320	52
9330	56
9340	51
9350	48
9360	57
9370	37
9380	40
9390	49
9400	41
9410	44
9420	52
9430	50
9440	40
9450	48
9460	36
9470	49
9480	42
9490	58
9500	49
9510	38
9520	42
9530	45
9540	54
9550	53
9560	36
9570	34
9580	45
9590	44
9600	45
9610	35
9620	54
9630	35
9640	51
9650	38
9660	53
9670	30
9680	36
9690	43
9700	39
9710	40
9720	35
9730	36
9740	40
9750	39
9760	41
9770	40
9780	44
9790	45
9800	35
9810	36
9820	39
9830	39
9840	44
9850	34
9860	38
9870	31
9880	47
9890	43
9900	41
9910	48
9920	30
9930	40
9940	46
9950	36
9960	20
9970	33
9980	33
9990	35
10000	39
10010	42
10020	40
10030	40
10040	40
10050	29
10060	35
10070	36
10080	35
10090	43
10100	31
10110	44
10120	41
10130	37
10140	32
10150	47
10160	23
10170	36
10180	24
10190	31
10200	39
10210	26
10220	40
10230	38
10240	41
10250	39
10260	37
10270	28
10280	43
10290	28
10300	32
10310	41
10320	48
10330	39
10340	26
10350	29
10360	29
10370	39
10380	28
10390	30
10400	29
10410	42
10420	30
10430	26
10440	31
10450	21
10460	38
10470	29
10480	33
10490	21
10500	31
10510	31
10520	24
10530	22
10540	27
10550	30
10560	23
10570	36
10580	23
10590	28
10600	25
10610	27
10620	28
10630	30
10640	24
10650	28
10660	31
10670	34
10680	25
10690	33
10700	30
10710	26
10720	23
10730	31
10740	32
10750	35
10760	26
10770	29
10780	23
10790	31
10800	29
10810	26
10820	30
10830	18
10840	28
10850	28
10860	24
10870	23
10880	22
10890	32
10900	17
10910	25
10920	22
10930	21
10940	24
10950	23
10960	30
10970	29
10980	31
10990	26
11000	25
11010	32
11020	23
11030	26
11040	23
11050	24
11060	24
11070	22
11080	24
11090	23
11100	25
11110	31
11120	31
11130	24
11140	20
11150	22
11160	26
11170	31
11180	18
11190	28
11200	18
11210	22
11220	32
11230	26
11240	26
11250	24
11260	31
11270	16
11280	23
11290	17
11300	28
11310	23
11320	26
11330	23
11340	25
11350	24
11360	23
11370	21
11380	22
11390	22
11400	20
11410	23
11420	29
11430	17
11440	23
11450	17
11460	15
11470	19
11480	23
11490	18
11500	25
11510	24
11520	25
11530	18
11540	18
11550	23
11560	17
11570	24
11580	30
11590	26
11600	30
11610	25
11620	24
11630	25
11640	32
11650	31
11660	16
11670	20
11680	25
11690	21
11700	20
11710	25
11720	24
11730	24
11740	15
11750	16
11760	17
11770	18
11780	25
11790	21
11800	27
11810	13
11820	28
11830	26
11840	18
11850	18
11860	28
11870	27
11880	22
11890	30
11900	24
11910	15
11920	26
11930	33
11940	17
11950	37
11960	19
11970	24
11980	21
11990	16
12000	22
12010	23
12020	23
12030	19
12040	16
12050	24
12060	24
12070	17
12080	18
12090	25
12100	23
12110	22
12120	24
12130	13
12140	24
12150	25
12160	14
12170	22
12180	17
12190	28
12200	28
12210	21
12220	23
12230	18
12240	23
12250	21
12260	16
12270	23
12280	16
12290	16
12300	19
12310	21
12320	29
12330	10
12340	28
12350	25
12360	22
12370	15
12380	19
12390	23
12400	23
12410	18
12420	16
12430	16
12440	12
12450	23
12460	16
12470	28
12480	15
12490	25
12500	23
12510	14
12520	22
12530	17
12540	20
12550	19
12560	15
12570	20
12580	22
12590	28
12600	27
12610	18
12620	28
12630	15
12640	28
12650	19
12660	18
12670	29
12680	28
12690	18
12700	21
12710	23
12720	26
12730	19
12740	25
12750	23
12760	24
12770	25
12780	13
12790	25
12800	15
12810	22
12820	17
12830	15
12840	21
12850	20
12860	22
12870	24
12880	16
12890	20
12900	16
12910	18
12920	28
12930	30
12940	31
12950	27
12960	21
12970	21
12980	15
12990	21
13000	20
13010	14
13020	17
13030	20
13040	18
13050	17
13060	22
13070	16
13080	24
13090	25
13100	24
13110	16
13120	30
13130	22
13140	12
13150	29
13160	14
13170	17
13180	22
13190	29
13200	23
13210	24
13220	22
13230	24
13240	21
13250	30
13260	33
13270	21
13280	25
13290	29
13300	16
13310	19
13320	35
13330	22
13340	44
13350	31
13360	29
13370	35
13380	40
13390	32
13400	50
13410	45
13420	47
13430	58
13440	62
13450	82
13460	64
13470	102
13480	105
13490	121
13500	125
13510	157
13520	157
13530	188
13540	205
13550	199
13560	192
13570	140
13580	176
13590	196
13600	193
13610	173
13620	199
13630	170
13640	192
13650	187
13660	179
13670	213
13680	212
13690	227
13700	301
13710	358
13720	403
13730	437
13740	589
13750	674
13760	830
13770	995
13780	1207
13790	1277
13800	1444
13810	1701
13820	1947
13830	2104
13840	2220
13850	2488
13860	2577
13870	2840
13880	2937
13890	3020
13900	3155
13910	3250
13920	3247
13930	3348
13940	3252
13950	3267
13960	3269
13970	3093
13980	2958
13990	2833
14000	2609
14010	2448
14020	2270
14030	2088
14040	1919
14050	1646
14060	1451
14070	1357
14080	1185
14090	1042
14100	890
14110	778
14120	656
14130	576
14140	484
14150	416
14160	402
14170	377
14180	294
14190	281
14200	205
14210	213
14220	191
14230	184
14240	169
14250	144
14260	136
14270	98
14280	101
14290	111
14300	110
14310	100
14320	108
14330	103
14340	93
14350	91
14360	87
14370	87
14380	84
14390	84
14400	77
14410	84
14420	91
14430	69
14440	67
14450	74
14460	53
14470	63
14480	59
14490	46
14500	45
14510	62
14520	45
14530	56
14540	38
14550	59
14560	46
14570	55
14580	54
14590	51
14600	59
14610	45
14620	46
14630	58
14640	52
14650	53
14660	58
14670	48
14680	52
14690	56
14700	44
14710	52
14720	65
14730	58
14740	61
14750	70
14760	54
14770	60
14780	72
14790	71
14800	49
14810	51
14820	54
14830	72
14840	52
14850	68
14860	63
14870	42
14880	59
14890	57
14900	51
14910	57
14920	68
14930	48
14940	54
14950	50
14960	55
14970	53
14980	50
14990	38
