"Time (ps)"	"Counts per bin"
0	565
16	586
32	633
48	575
64	612
80	564
96	584
112	577
128	556
144	571
160	606
176	565
192	563
208	555
224	575
240	513
256	549
272	589
288	555
304	581
320	523
336	540
352	511
368	519
384	560
400	557
416	534
432	519
448	580
464	572
480	522
496	531
512	528
528	513
544	492
560	522
576	480
592	510
608	519
624	497
640	528
656	486
672	470
688	528
704	504
720	472
736	521
752	491
768	492
784	444
800	471
816	501
832	451
848	431
864	481
880	444
896	450
912	439
928	477
944	444
960	444
976	434
992	423
1008	434
1024	414
1040	422
1056	408
1072	405
1088	438
1104	410
1120	406
1136	445
1152	392
1168	438
1184	398
1200	361
1216	394
1232	375
1248	387
1264	378
1280	385
1296	377
1312	408
1328	386
1344	410
1360	379
1376	378
1392	416
1408	368
1424	372
1440	413
1456	361
1472	348
1488	341
1504	375
1520	359
1536	341
1552	309
1568	358
1584	327
1600	336
1616	342
1632	334
1648	346
1664	361
1680	324
1696	318
1712	319
1728	328
1744	306
1760	307
1776	309
1792	315
1808	299
1824	292
1840	300
1856	332
1872	309
1888	295
1904	331
1920	327
1936	281
1952	259
1968	266
1984	308
2000	282
2016	285
2032	256
2048	296
2064	255
2080	300
2096	283
2112	264
2128	275
2144	256
2160	262
2176	223
2192	250
2208	255
2224	254
2240	252
2256	248
2272	259
2288	254
2304	247
2320	261
2336	251
2352	222
2368	244
2384	215
2400	213
2416	212
2432	200
2448	223
2464	232
2480	190
2496	198
2512	192
2528	219
2544	231
2560	176
2576	208
2592	223
2608	196
2624	189
2640	184
2656	175
2672	183
2688	210
2704	172
2720	203
2736	184
2752	183
2768	179
2784	170
2800	183
2816	159
2832	172
2848	159
2864	190
2880	181
2896	175
2912	172
2928	162
2944	174
2960	144
2976	135
2992	144
3008	149
3024	163
3040	159
3056	157
3072	143
3088	159
3104	146
3120	147
3136	143
3152	156
3168	130
3184	124
3200	140
3216	132
3232	116
3248	131
3264	118
3280	124
3296	107
3312	130
3328	121
3344	118
3360	116
3376	108
3392	110
3408	99
3424	102
3440	106
3456	102
3472	124
3488	119
3504	83
3520	100
3536	118
3552	84
3568	104
3584	99
3600	107
3616	96
3632	107
3648	102
3664	110
3680	107
3696	88
3712	91
3728	77
3744	74
3760	100
3776	81
3792	91
3808	74
3824	101
3840	91
3856	88
3872	95
3888	81
3904	76
3920	88
3936	83
3952	80
3968	87
3984	87
4000	85
4016	80
4032	78
4048	77
4064	76
4080	71
4096	74
4112	83
4128	66
4144	89
4160	65
4176	64
4192	71
4208	65
4224	66
4240	56
4256	63
4272	54
4288	66
4304	47
4320	74
4336	63
4352	61
4368	61
4384	69
4400	65
4416	50
4432	54
4448	55
4464	46
4480	58
4496	64
4512	48
4528	58
4544	54
4560	53
4576	59
4592	70
4608	67
4624	57
4640	53
4656	46
4672	52
4688	53
4704	41
4720	40
4736	54
4752	44
4768	52
4784	42
4800	46
4816	49
4832	41
4848	41
4864	63
4880	49
4896	59
4912	50
4928	48
4944	43
4960	54
4976	45
4992	57
5008	48
5024	43
5040	51
5056	46
5072	40
5088	42
5104	41
5120	50
5136	41
5152	43
5168	34
5184	40
5200	43
5216	59
5232	44
5248	46
5264	36
5280	37
5296	39
5312	39
5328	38
5344	47
5360	48
5376	46
5392	33
5408	41
5424	38
5440	35
5456	29
5472	50
5488	36
5504	34
5520	41
5536	30
5552	45
5568	46
5584	30
5600	34
5616	31
5632	38
5648	36
5664	34
5680	46
5696	33
5712	37
5728	37
5744	42
5760	41
5776	39
5792	34
5808	36
5824	48
5840	43
5856	31
5872	33
5888	41
5904	45
5920	48
5936	51
5952	57
5968	59
5984	70
6000	85
6016	96
6032	98
6048	120
6064	110
6080	122
6096	144
6112	151
6128	158
6144	159
6160	133
6176	154
6192	139
6208	129
6224	127
6240	125
6256	150
6272	182
6288	313
6304	606
6320	1256
6336	2712
6352	5583
6368	10379
6384	17193
6400	25364
6416	34292
6432	39810
6448	41852
6464	39799
6480	34568
6496	27652
6512	20109
6528	14256
6544	9570
6560	6029
6576	3944
6592	2422
6608	1549
6624	1046
6640	620
6656	430
6672	307
6688	219
6704	162
6720	166
6736	177
6752	120
6768	155
6784	106
6800	99
6816	96
6832	91
6848	90
6864	71
6880	73
6896	91
6912	79
6928	83
6944	81
6960	73
6976	84
6992	55
7008	79
7024	61
7040	64
7056	81
7072	64
7088	77
7104	80
7120	67
7136	75
7152	70
7168	65
7184	77
7200	75
7216	72
7232	64
7248	67
7264	90
7280	86
7296	77
7312	72
7328	99
7344	82
7360	89
7376	93
7392	73
7408	92
7424	103
7440	103
7456	100
7472	87
7488	116
7504	112
7520	89
7536	97
7552	91
7568	105
7584	101
7600	96
7616	105
7632	100
7648	96
7664	114
7680	124
7696	129
7712	91
7728	107
7744	102
7760	98
7776	132
7792	126
7808	136
7824	121
7840	117
7856	116
7872	128
7888	135
7904	133
7920	162
7936	163
7952	125
7968	115
7984	148
8000	150
8016	123
8032	145
8048	139
8064	135
8080	158
8096	186
8112	155
8128	151
8144	140
8160	157
8176	151
8192	171
8208	153
8224	148
8240	166
8256	167
8272	199
8288	180
8304	183
8320	162
8336	186
8352	161
8368	189
8384	198
8400	171
8416	193
8432	160
8448	192
8464	182
8480	202
8496	176
8512	187
8528	198
8544	193
8560	219
8576	223
8592	207
8608	217
8624	228
8640	207
8656	207
8672	234
8688	219
8704	218
8720	207
8736	253
8752	236
8768	244
8784	250
8800	215
8816	235
8832	258
8848	259
8864	219
8880	269
8896	234
8912	237
8928	264
8944	245
8960	273
8976	259
8992	269
9008	261
9024	282
9040	261
9056	296
9072	265
9088	270
9104	268
9120	290
9136	303
9152	287
9168	324
9184	295
9200	331
9216	284
9232	294
9248	309
9264	326
9280	312
9296	297
9312	339
9328	326
9344	358
9360	338
9376	374
9392	350
9408	350
9424	365
9440	340
9456	349
9472	359
9488	361
9504	348
9520	365
9536	373
9552	341
9568	347
9584	352
9600	414
9616	369
9632	395
9648	361
9664	384
9680	365
9696	390
9712	398
9728	389
9744	395
9760	395
9776	395
9792	433
9808	361
9824	431
9840	401
9856	424
9872	429
9888	404
9904	423
9920	397
9936	481
9952	439
9968	453
9984	392
10000	440
10016	453
10032	432
10048	440
10064	435
10080	474
10096	443
10112	447
10128	479
10144	452
10160	466
10176	510
10192	453
10208	496
10224	477
10240	486
10256	471
10272	491
10288	521
10304	489
10320	478
10336	518
10352	498
10368	484
10384	483
10400	503
10416	508
10432	533
10448	514
10464	534
10480	540
10496	559
10512	539
10528	522
10544	520
10560	522
10576	517
10592	518
10608	521
10624	553
10640	575
10656	544
10672	568
10688	533
10704	541
10720	556
10736	630
10752	556
10768	526
10784	535
10800	553
10816	555
10832	548
10848	564
10864	576
10880	582
10896	581
10912	591
10928	540
10944	572
10960	566
10976	620
10992	635
11008	620
11024	630
11040	603
11056	612
11072	630
11088	604
11104	636
11120	606
11136	599
11152	600
11168	648
11184	629
11200	625
11216	620
11232	624
11248	604
11264	635
11280	618
11296	590
11312	640
11328	647
11344	636
11360	627
11376	600
11392	619
11408	619
11424	616
11440	649
11456	633
11472	560
11488	685
11504	683
11520	658
11536	597
11552	627
11568	651
11584	631
11600	631
11616	626
11632	619
11648	671
11664	599
11680	676
11696	684
11712	675
11728	630
11744	570
11760	707
11776	680
11792	666
11808	595
11824	637
11840	643
11856	617
11872	658
11888	699
11904	656
11920	656
11936	624
11952	665
11968	609
11984	626
12000	634
12016	640
12032	646
12048	645
12064	683
12080	653
12096	644
12112	649
12128	609
12144	594
12160	662
12176	668
12192	638
12208	619
12224	567
12240	606
12256	637
12272	595
12288	631
12304	640
12320	629
12336	649
12352	591
12368	580
12384	594
12400	598
12416	587
12432	638
12448	575
12464	576
12480	598
12496	626
12512	571
12528	609
12544	572
12560	547
12576	567
12592	549
12608	560
12624	568
12640	545
12656	573
12672	541
12688	555
12704	541
12720	591
12736	566
12752	544
12768	575
12784	548
12800	556
12816	557
12832	557
12848	587
12864	534
12880	531
12896	557
12912	558
12928	556
12944	510
12960	518
12976	509
12992	528
13008	568
13024	494
13040	513
13056	534
13072	543
13088	513
13104	499
13120	501
13136	510
13152	484
13168	490
13184	492
13200	450
13216	479
13232	485
13248	446
13264	476
13280	465
13296	489
13312	457
13328	465
13344	467
13360	437
13376	490
13392	443
13408	429
13424	460
13440	430
13456	465
13472	454
13488	454
13504	428
13520	442
13536	439
13552	424
13568	430
13584	445
13600	398
13616	445
13632	413
13648	402
13664	424
13680	387
13696	402
13712	381
13728	424
13744	411
13760	395
13776	378
13792	361
13808	393
13824	376
13840	371
13856	365
13872	389
13888	424
13904	394
13920	352
13936	367
13952	392
13968	366
13984	336
14000	332
14016	336
14032	331
14048	335
14064	370
14080	317
14096	345
14112	330
14128	307
14144	328
14160	354
14176	326
14192	316
14208	323
14224	310
14240	305
14256	312
14272	290
14288	296
14304	294
14320	330
14336	285
14352	277
14368	311
14384	309
14400	313
14416	278
14432	324
14448	285
14464	266
14480	295
14496	277
14512	265
14528	291
14544	284
14560	279
14576	282
14592	286
14608	253
14624	273
14640	268
14656	250
14672	281
14688	263
14704	253
14720	232
14736	273
14752	247
14768	264
14784	234
14800	269
14816	251
14832	227
14848	239
14864	223
14880	212
14896	235
14912	211
14928	214
14944	217
14960	181
14976	191
14992	195
15008	211
15024	184
15040	207
15056	219
15072	211
15088	193
15104	195
15120	197
15136	175
15152	197
15168	205
15184	176
15200	194
15216	166
15232	194
15248	173
15264	192
15280	162
15296	182
15312	187
15328	159
15344	159
15360	166
15376	175
15392	151
15408	154
15424	154
15440	170
15456	166
15472	163
15488	168
15504	169
15520	161
15536	157
15552	138
15568	142
15584	129
15600	130
15616	156
15632	131
15648	162
15664	146
15680	142
15696	137
15712	127
15728	130
15744	125
15760	118
15776	127
15792	132
15808	131
15824	110
15840	116
15856	122
15872	112
15888	95
15904	131
15920	116
15936	92
15952	104
15968	108
15984	118
16000	96
16016	104
16032	96
16048	111
16064	82
16080	109
16096	91
16112	102
16128	110
16144	96
16160	80
16176	90
16192	84
16208	99
16224	101
16240	82
16256	78
16272	93
16288	93
16304	79
16320	90
16336	65
16352	100
16368	82
16384	90
16400	82
16416	88
16432	88
16448	73
16464	68
16480	63
16496	89
16512	58
16528	76
16544	77
16560	73
16576	72
16592	76
16608	86
16624	68
16640	62
16656	75
16672	62
16688	64
16704	75
16720	71
16736	68
16752	76
16768	80
16784	64
16800	70
16816	65
16832	67
16848	63
16864	52
16880	70
16896	67
16912	62
16928	70
16944	58
16960	49
16976	55
16992	56
17008	61
17024	59
17040	59
17056	55
17072	51
17088	46
17104	45
17120	57
17136	51
17152	52
17168	49
17184	46
17200	55
17216	42
17232	47
17248	64
17264	56
17280	51
17296	49
17312	42
17328	56
17344	49
17360	36
17376	51
17392	42
17408	55
17424	56
17440	53
17456	47
17472	51
17488	31
17504	46
17520	64
17536	35
17552	44
17568	38
17584	39
17600	50
17616	44
17632	34
17648	37
17664	41
17680	40
17696	55
17712	43
17728	39
17744	37
17760	37
17776	43
17792	50
17808	45
17824	39
17840	32
17856	35
17872	37
17888	31
17904	33
17920	40
17936	36
17952	42
17968	44
17984	47
18000	51
18016	42
18032	32
18048	32
18064	46
18080	27
18096	32
18112	46
18128	43
18144	40
18160	43
18176	35
18192	52
18208	42
18224	34
18240	35
18256	36
18272	45
18288	32
18304	36
18320	40
18336	41
18352	36
18368	48
18384	49
18400	60
18416	51
18432	59
18448	82
18464	80
18480	85
18496	100
18512	117
18528	113
18544	136
18560	127
18576	141
18592	164
18608	143
18624	140
18640	128
18656	144
18672	124
18688	108
18704	112
18720	129
18736	182
18752	261
18768	479
18784	944
18800	2069
18816	4204
18832	8067
18848	14237
18864	22256
18880	30766
18896	37967
18912	41547
18928	41154
18944	37147
18960	30267
18976	23014
18992	16528
19008	11159
19024	7310
19040	4776
19056	2932
19072	1857
19088	1158
19104	742
19120	477
19136	369
19152	240
19168	200
19184	175
19200	143
19216	132
19232	116
19248	127
19264	121
19280	85
19296	83
19312	88
19328	72
19344	66
19360	87
19376	90
19392	60
19408	64
19424	94
19440	59
19456	67
19472	81
19488	62
19504	69
19520	89
19536	58
19552	72
19568	93
19584	80
19600	78
19616	68
19632	61
19648	73
19664	86
19680	70
19696	80
19712	91
19728	71
19744	71
19760	92
19776	72
19792	89
19808	88
19824	85
19840	80
19856	93
19872	91
19888	81
19904	103
19920	108
19936	105
19952	106
19968	106
19984	90
20000	108
20016	112
20032	71
20048	94
20064	118
20080	110
20096	110
20112	91
20128	111
20144	131
20160	109
20176	97
20192	122
20208	123
20224	104
20240	99
20256	113
20272	121
20288	140
20304	123
20320	104
20336	123
20352	131
20368	124
20384	135
20400	130
20416	166
20432	130
20448	139
20464	134
20480	142
20496	120
20512	142
20528	139
20544	167
20560	136
20576	159
20592	125
20608	179
20624	151
20640	167
20656	170
20672	157
20688	158
20704	149
20720	163
20736	151
20752	163
20768	160
20784	173
20800	171
20816	186
20832	179
20848	188
20864	200
20880	177
20896	178
20912	168
20928	200
20944	191
20960	208
20976	166
20992	203
21008	205
21024	225
21040	184
21056	218
21072	229
21088	239
21104	209
21120	217
21136	233
21152	212
21168	226
21184	194
21200	207
21216	254
21232	221
21248	237
21264	245
21280	229
21296	255
21312	282
21328	262
21344	239
21360	235
21376	204
21392	260
21408	273
21424	273
21440	276
21456	269
21472	269
21488	270
21504	285
21520	260
21536	291
21552	294
21568	293
21584	302
21600	303
21616	273
21632	303
21648	307
21664	313
21680	303
21696	319
21712	332
21728	334
21744	343
21760	325
21776	337
21792	311
21808	358
21824	361
21840	355
21856	386
21872	340
21888	323
21904	352
21920	369
21936	311
21952	300
21968	371
21984	352
22000	372
22016	353
22032	344
22048	409
22064	362
22080	346
22096	380
22112	373
22128	386
22144	412
22160	362
22176	398
22192	387
22208	393
22224	403
22240	363
22256	406
22272	398
22288	413
22304	427
22320	400
22336	414
22352	400
22368	448
22384	441
22400	395
22416	408
22432	436
22448	460
22464	463
22480	429
22496	460
22512	491
22528	496
22544	448
22560	446
22576	461
22592	491
22608	426
22624	480
22640	473
22656	466
22672	475
22688	488
22704	471
22720	448
22736	488
22752	508
22768	483
22784	485
22800	499
22816	524
22832	492
22848	526
22864	504
22880	520
22896	522
22912	548
22928	554
22944	489
22960	532
22976	515
22992	549
23008	528
23024	554
23040	525
23056	548
23072	568
23088	553
23104	576
23120	549
23136	520
23152	548
23168	559
23184	587
23200	584
23216	540
23232	538
23248	595
23264	584
23280	602
23296	609
23312	573
23328	563
23344	616
23360	603
23376	547
23392	598
23408	608
23424	542
23440	560
23456	593
23472	568
23488	615
23504	638
23520	593
23536	622
23552	593
23568	586
23584	604
23600	629
23616	598
23632	641
23648	637
23664	626
23680	591
23696	630
23712	647
23728	633
23744	627
23760	616
23776	619
23792	624
23808	578
23824	664
23840	609
23856	631
23872	672
23888	638
23904	637
23920	666
23936	647
23952	663
23968	660
23984	663
24000	642
24016	634
24032	627
24048	628
24064	617
24080	676
24096	640
24112	644
24128	648
24144	646
24160	646
24176	637
24192	639
24208	607
24224	629
24240	640
24256	655
24272	651
24288	646
24304	693
24320	668
24336	660
24352	628
24368	682
24384	590
24400	650
24416	619
24432	652
24448	654
24464	639
24480	615
24496	677
24512	641
24528	662
24544	665
24560	598
24576	605
24592	633
24608	619
24624	641
24640	680
24656	611
24672	567
24688	616
24704	611
24720	578
24736	615
24752	652
24768	601
24784	659
24800	663
24816	595
24832	635
24848	669
24864	626
24880	609
24896	606
24912	614
24928	582
24944	582
24960	610
24976	567
24992	608
25008	588
25024	595
25040	610
25056	569
25072	607
25088	584
25104	564
25120	577
25136	567
25152	558
25168	510
25184	555
25200	579
25216	547
25232	567
25248	566
25264	525
25280	504
25296	567
25312	600
25328	519
25344	565
25360	524
25376	551
25392	557
25408	501
25424	507
25440	521
25456	531
25472	499
25488	524
25504	526
25520	462
25536	565
25552	487
25568	516
25584	504
25600	497
25616	511
25632	481
25648	483
25664	499
25680	476
25696	479
25712	442
25728	448
25744	479
25760	492
25776	453
25792	425
25808	457
25824	477
25840	470
25856	457
25872	447
25888	459
25904	457
25920	425
25936	429
25952	459
25968	435
25984	432
26000	443
26016	420
26032	416
26048	372
26064	425
26080	433
26096	415
26112	379
26128	415
26144	372
26160	388
26176	397
26192	407
26208	401
26224	355
26240	383
26256	395
26272	414
26288	397
26304	404
26320	357
26336	373
26352	333
26368	387
26384	379
26400	380
26416	369
26432	325
26448	369
26464	358
26480	339
26496	374
26512	352
26528	329
26544	328
26560	356
26576	318
26592	305
26608	353
26624	283
26640	297
26656	311
26672	294
26688	346
26704	331
26720	302
26736	305
26752	307
26768	308
26784	283
26800	308
26816	289
26832	300
26848	333
26864	275
26880	298
26896	268
26912	280
26928	325
26944	277
26960	314
26976	303
26992	283
27008	302
27024	276
27040	260
27056	280
27072	255
27088	275
27104	250
27120	280
27136	258
27152	259
27168	263
27184	265
27200	249
27216	258
27232	239
27248	228
27264	241
27280	219
27296	247
27312	232
27328	224
27344	199
27360	228
27376	237
27392	236
27408	210
27424	216
27440	185
27456	189
27472	206
27488	216
27504	205
27520	209
27536	223
27552	200
27568	195
27584	185
27600	192
27616	198
27632	195
27648	184
27664	211
27680	199
27696	210
27712	167
27728	167
27744	180
27760	156
27776	174
27792	186
27808	188
27824	156
27840	188
27856	161
27872	144
27888	152
27904	158
27920	150
27936	169
27952	139
27968	141
27984	142
28000	144
28016	156
28032	134
28048	139
28064	138
28080	133
28096	132
28112	127
28128	148
28144	132
28160	131
28176	126
28192	151
28208	126
28224	125
28240	140
28256	111
28272	139
28288	101
28304	122
28320	113
28336	103
28352	122
28368	119
28384	99
28400	115
28416	97
28432	114
28448	89
28464	119
28480	107
28496	90
28512	118
28528	126
28544	82
28560	89
28576	104
28592	106
28608	108
28624	105
28640	91
28656	84
28672	89
28688	99
28704	94
28720	86
28736	91
28752	88
28768	85
28784	81
28800	83
28816	78
28832	99
28848	115
28864	83
28880	68
28896	74
28912	72
28928	65
28944	84
28960	65
28976	55
28992	74
29008	85
29024	77
29040	77
29056	72
29072	62
29088	62
29104	69
29120	68
29136	68
29152	62
29168	65
29184	62
29200	71
29216	86
29232	71
29248	61
29264	70
29280	55
29296	57
29312	61
29328	71
29344	70
29360	65
29376	65
29392	61
29408	55
29424	44
29440	62
29456	61
29472	62
29488	50
29504	50
29520	54
29536	66
29552	46
29568	59
29584	59
29600	77
29616	52
29632	55
29648	51
29664	46
29680	59
29696	51
29712	47
29728	40
29744	44
29760	51
29776	48
29792	41
29808	46
29824	53
29840	74
29856	55
29872	48
29888	36
29904	40
29920	42
29936	48
29952	31
29968	48
29984	51
30000	46
30016	48
30032	37
30048	36
30064	41
30080	46
30096	58
30112	34
30128	36
30144	51
30160	51
30176	48
30192	36
30208	45
30224	45
30240	33
30256	42
30272	40
30288	45
30304	36
30320	44
30336	36
30352	45
30368	58
30384	42
30400	44
30416	35
30432	48
30448	30
30464	28
30480	42
30496	33
30512	46
30528	40
30544	43
30560	47
30576	36
30592	37
30608	53
30624	40
30640	38
30656	35
30672	32
30688	49
30704	35
30720	36
30736	38
30752	32
30768	39
30784	31
30800	35
30816	35
30832	41
30848	53
30864	49
30880	50
30896	58
30912	77
30928	78
30944	91
30960	110
30976	105
30992	106
31008	113
31024	136
31040	142
31056	145
31072	156
31088	153
31104	139
31120	132
31136	134
31152	108
31168	121
31184	116
31200	159
31216	222
31232	363
31248	739
31264	1556
31280	3230
31296	6440
31312	11516
31328	18855
31344	27430
31360	35112
31376	40680
31392	41627
31408	39003
31424	33061
31440	26012
31456	18914
31472	13199
31488	8587
31504	5628
31520	3424
31536	2127
31552	1381
31568	903
31584	617
31600	380
31616	297
31632	177
31648	162
31664	173
31680	146
31696	136
31712	134
31728	103
31744	107
31760	100
31776	84
31792	86
31808	75
31824	106
31840	71
31856	63
31872	60
31888	81
31904	91
31920	71
31936	66
31952	74
31968	79
31984	64
