"Time (ps)"	"Counts per bin"
0	246
16	228
32	275
48	271
64	294
80	285
96	263
112	259
128	258
144	282
160	265
176	252
192	252
208	264
224	282
240	272
256	254
272	247
288	258
304	261
320	254
336	255
352	249
368	280
384	251
400	277
416	266
432	241
448	257
464	245
480	259
496	263
512	283
528	254
544	261
560	229
576	264
592	238
608	264
624	217
640	228
656	233
672	234
688	255
704	224
720	230
736	235
752	256
768	248
784	225
800	236
816	262
832	230
848	231
864	257
880	251
896	250
912	233
928	231
944	220
960	273
976	257
992	240
1008	226
1024	225
1040	237
1056	223
1072	237
1088	244
1104	230
1120	246
1136	214
1152	247
1168	233
1184	222
1200	226
1216	244
1232	231
1248	242
1264	215
1280	222
1296	225
1312	246
1328	227
1344	263
1360	277
1376	252
1392	253
1408	226
1424	217
1440	226
1456	210
1472	243
1488	239
1504	217
1520	257
1536	234
1552	238
1568	241
1584	249
1600	221
1616	200
1632	230
1648	222
1664	247
1680	233
1696	221
1712	233
1728	259
1744	203
1760	260
1776	221
1792	240
1808	221
1824	250
1840	274
1856	253
1872	251
1888	243
1904	258
1920	223
1936	254
1952	240
1968	243
1984	245
2000	248
2016	240
2032	215
2048	245
2064	256
2080	229
2096	250
2112	231
2128	231
2144	213
2160	249
2176	243
2192	255
2208	243
2224	226
2240	257
2256	255
2272	233
2288	229
2304	269
2320	280
2336	255
2352	241
2368	271
2384	258
2400	261
2416	220
2432	248
2448	247
2464	231
2480	230
2496	284
2512	262
2528	259
2544	245
2560	236
2576	284
2592	244
2608	279
2624	267
2640	236
2656	256
2672	276
2688	256
2704	256
2720	256
2736	248
2752	270
2768	250
2784	269
2800	272
2816	272
2832	277
2848	264
2864	264
2880	268
2896	267
2912	291
2928	271
2944	275
2960	267
2976	262
2992	260
3008	286
3024	288
3040	266
3056	291
3072	267
3088	260
3104	264
3120	283
3136	255
3152	248
3168	264
3184	309
3200	291
3216	295
3232	251
3248	254
3264	314
3280	261
3296	320
3312	266
3328	271
3344	297
3360	287
3376	299
3392	287
3408	263
3424	306
3440	316
3456	355
3472	304
3488	335
3504	303
3520	330
3536	323
3552	336
3568	346
3584	344
3600	309
3616	331
3632	310
3648	277
3664	307
3680	327
3696	285
3712	324
3728	288
3744	303
3760	307
3776	291
3792	325
3808	293
3824	285
3840	295
3856	324
3872	307
3888	329
3904	315
3920	358
3936	382
3952	359
3968	396
3984	470
4000	535
4016	633
4032	863
4048	1176
4064	1497
4080	1877
4096	2261
4112	2732
4128	3077
4144	3385
4160	3651
4176	3761
4192	3946
4208	4043
4224	3971
4240	3886
4256	4027
4272	4262
4288	4696
4304	5097
4320	6007
4336	7136
4352	8363
4368	9512
4384	10497
4400	11144
4416	11490
4432	11535
4448	11856
4464	12476
4480	12790
4496	14063
4512	15585
4528	16584
4544	17294
4560	17695
4576	17565
4592	16796
4608	15542
4624	14040
4640	12607
4656	11431
4672	10483
4688	9406
4704	8560
4720	7967
4736	7142
4752	6233
4768	5355
4784	4520
4800	3787
4816	3323
4832	2833
4848	2460
4864	2166
4880	1997
4896	1767
4912	1683
4928	1537
4944	1428
4960	1358
4976	1325
4992	1228
5008	1191
5024	1165
5040	1071
5056	975
5072	966
5088	949
5104	936
5120	915
5136	892
5152	853
5168	850
5184	876
5200	837
5216	863
5232	818
5248	787
5264	807
5280	825
5296	841
5312	752
5328	809
5344	774
5360	716
5376	718
5392	757
5408	706
5424	725
5440	694
5456	724
5472	687
5488	671
5504	684
5520	707
5536	719
5552	749
5568	759
5584	721
5600	694
5616	716
5632	740
5648	651
5664	691
5680	665
5696	657
5712	680
5728	675
5744	736
5760	659
5776	693
5792	702
5808	691
5824	659
5840	661
5856	643
5872	648
5888	707
5904	655
5920	657
5936	667
5952	656
5968	636
5984	618
6000	610
6016	675
6032	646
6048	639
6064	643
6080	681
6096	628
6112	622
6128	622
6144	703
6160	677
6176	677
6192	660
6208	696
6224	629
6240	645
6256	648
6272	689
6288	662
6304	655
6320	631
6336	603
6352	647
6368	661
6384	617
6400	659
6416	652
6432	704
6448	698
6464	731
6480	697
6496	714
6512	642
6528	661
6544	665
6560	647
6576	627
6592	620
6608	619
6624	594
6640	586
6656	602
6672	595
6688	596
6704	575
6720	561
6736	578
6752	556
6768	565
6784	609
6800	550
6816	581
6832	594
6848	590
6864	628
6880	557
6896	601
6912	552
6928	592
6944	591
6960	606
6976	641
6992	601
7008	648
7024	629
7040	599
7056	657
7072	646
7088	652
7104	687
7120	640
7136	666
7152	688
7168	688
7184	706
7200	676
7216	657
7232	712
7248	678
7264	676
7280	727
7296	733
7312	697
7328	840
7344	886
7360	1039
7376	1113
7392	1320
7408	1611
7424	1838
7440	2007
7456	2201
7472	2260
7488	2254
7504	2171
7520	2016
7536	1715
7552	1390
7568	1155
7584	1007
7600	875
7616	767
7632	672
7648	631
7664	643
7680	632
7696	558
7712	554
7728	584
7744	544
7760	565
7776	579
7792	644
7808	612
7824	607
7840	620
7856	578
7872	615
7888	607
7904	593
7920	646
7936	627
7952	568
7968	574
7984	619
8000	568
8016	573
8032	619
8048	543
8064	544
8080	587
8096	526
8112	561
8128	556
8144	535
8160	519
8176	547
8192	522
8208	530
8224	516
8240	535
8256	566
8272	466
8288	533
8304	522
8320	549
8336	547
8352	560
8368	556
8384	493
8400	533
8416	503
8432	498
8448	502
8464	488
8480	497
8496	486
8512	541
8528	482
8544	502
8560	504
8576	487
8592	470
8608	463
8624	497
8640	536
8656	517
8672	521
8688	498
8704	524
8720	505
8736	483
8752	462
8768	477
8784	490
8800	516
8816	497
8832	476
8848	525
8864	535
8880	491
8896	441
8912	485
8928	501
8944	469
8960	469
8976	494
8992	446
9008	450
9024	429
9040	501
9056	532
9072	485
9088	487
9104	488
9120	456
9136	495
9152	488
9168	499
9184	470
9200	488
9216	472
9232	508
9248	480
9264	488
9280	447
9296	478
9312	438
9328	429
9344	479
9360	440
9376	449
9392	485
9408	453
9424	460
9440	457
9456	461
9472	426
9488	437
9504	454
9520	441
9536	447
9552	416
9568	405
9584	447
9600	452
9616	474
9632	451
9648	417
9664	415
9680	428
9696	456
9712	450
9728	412
9744	426
9760	412
9776	412
9792	416
9808	461
9824	413
9840	475
9856	448
9872	393
9888	413
9904	414
9920	393
9936	400
9952	431
9968	394
9984	425
10000	392
10016	411
10032	410
10048	366
10064	417
10080	404
10096	390
10112	415
10128	384
10144	388
10160	404
10176	430
10192	381
10208	403
10224	377
10240	417
10256	418
10272	444
10288	456
10304	530
10320	596
10336	629
10352	726
10368	758
10384	783
10400	884
10416	811
10432	830
10448	735
10464	673
10480	583
10496	525
10512	480
10528	479
10544	403
10560	380
10576	394
10592	399
10608	359
10624	359
10640	383
10656	371
10672	322
10688	349
10704	386
10720	353
10736	355
10752	356
10768	370
10784	369
10800	367
10816	340
10832	367
10848	338
10864	358
10880	337
10896	378
10912	384
10928	362
10944	367
10960	323
10976	343
10992	331
11008	348
11024	364
11040	291
11056	338
11072	311
11088	351
11104	336
11120	316
11136	317
11152	364
11168	338
11184	339
11200	342
11216	382
11232	297
11248	304
11264	324
11280	308
11296	301
11312	342
11328	347
11344	336
11360	311
11376	319
11392	362
11408	307
11424	329
11440	323
11456	313
11472	320
11488	269
11504	323
11520	292
11536	290
11552	292
11568	338
11584	317
11600	306
11616	304
11632	320
11648	302
11664	289
11680	303
11696	319
11712	278
11728	288
11744	301
11760	303
11776	260
11792	292
11808	276
11824	284
11840	343
11856	282
11872	263
11888	316
11904	291
11920	275
11936	324
11952	273
11968	296
11984	303
12000	247
12016	275
12032	327
12048	271
12064	254
12080	293
12096	259
12112	284
12128	265
12144	273
12160	241
12176	260
12192	335
12208	250
12224	271
12240	255
12256	275
12272	288
12288	295
12304	276
12320	252
12336	262
12352	252
12368	268
12384	286
12400	279
12416	265
12432	277
12448	252
12464	267
12480	270
12496	257
12512	276
12528	257
12544	266
12560	269
12576	275
12592	256
12608	271
12624	280
12640	255
12656	272
12672	248
12688	266
12704	273
12720	277
12736	264
12752	241
12768	267
12784	303
12800	257
12816	243
12832	241
12848	276
12864	218
12880	235
12896	272
12912	241
12928	246
12944	262
12960	258
12976	257
12992	258
13008	258
13024	252
13040	257
13056	272
13072	233
13088	256
13104	244
13120	282
13136	226
13152	237
13168	267
13184	231
13200	230
13216	241
13232	249
13248	241
13264	233
13280	237
13296	244
13312	258
13328	234
13344	219
13360	259
13376	258
13392	266
13408	261
13424	225
13440	219
13456	245
13472	275
13488	241
13504	234
13520	248
13536	226
13552	227
13568	243
13584	237
13600	240
13616	250
13632	242
13648	234
13664	223
13680	243
13696	258
13712	241
13728	230
13744	227
13760	220
13776	229
13792	235
13808	228
13824	240
13840	242
13856	223
13872	236
13888	249
13904	245
13920	256
13936	239
13952	219
13968	256
13984	238
14000	236
14016	210
14032	258
14048	228
14064	246
14080	241
14096	216
14112	260
14128	240
14144	226
14160	218
14176	209
14192	241
14208	255
14224	250
14240	227
14256	244
14272	234
14288	219
14304	215
14320	234
14336	232
14352	242
14368	254
14384	261
14400	221
14416	245
14432	249
14448	225
14464	230
14480	235
14496	232
14512	236
14528	252
14544	245
14560	219
14576	253
14592	248
14608	268
14624	265
14640	248
14656	224
14672	236
14688	230
14704	238
14720	254
14736	215
14752	227
14768	219
14784	255
14800	242
14816	254
14832	259
14848	279
14864	262
14880	286
14896	259
14912	231
14928	250
14944	288
14960	285
14976	269
14992	239
15008	268
15024	260
15040	231
15056	254
15072	215
15088	267
15104	267
15120	278
15136	277
15152	258
15168	246
15184	253
15200	262
15216	280
15232	261
15248	246
15264	278
15280	252
15296	283
15312	248
15328	271
15344	258
15360	274
15376	277
15392	257
15408	261
15424	282
15440	257
15456	269
15472	256
15488	264
15504	254
15520	282
15536	288
15552	251
15568	279
15584	294
15600	289
15616	261
15632	282
15648	238
15664	281
15680	299
15696	275
15712	278
15728	307
15744	306
15760	264
15776	263
15792	268
15808	308
15824	279
15840	299
15856	296
15872	285
15888	308
15904	265
15920	316
15936	306
15952	347
15968	353
15984	361
16000	345
16016	318
16032	328
16048	356
16064	355
16080	321
16096	281
16112	318
16128	344
16144	272
16160	300
16176	332
16192	320
16208	278
16224	295
16240	317
16256	300
16272	324
16288	325
16304	312
16320	299
16336	316
16352	336
16368	364
16384	358
16400	367
16416	382
16432	382
16448	408
16464	498
16480	560
16496	805
16512	1010
16528	1340
16544	1728
16560	2160
16576	2578
16592	3050
16608	3271
16624	3508
16640	3796
16656	3776
16672	4080
16688	3852
16704	3871
16720	4136
16736	4111
16752	4405
16768	4946
16784	5747
16800	6667
16816	7770
16832	9050
16848	10173
16864	10974
16880	11335
16896	11652
16912	11772
16928	12210
16944	12691
16960	13478
16976	14474
16992	15868
17008	16999
17024	17721
17040	17663
17056	17200
17072	15853
17088	14771
17104	12968
17120	11811
17136	10605
17152	9776
17168	8950
17184	8257
17200	7299
17216	6501
17232	5842
17248	4928
17264	4090
17280	3614
17296	2994
17312	2601
17328	2266
17344	2071
17360	1907
17376	1671
17392	1591
17408	1464
17424	1438
17440	1356
17456	1259
17472	1163
17488	1156
17504	1103
17520	1067
17536	1036
17552	1006
17568	969
17584	977
17600	880
17616	875
17632	894
17648	845
17664	895
17680	859
17696	796
17712	834
17728	807
17744	823
17760	847
17776	806
17792	776
17808	788
17824	791
17840	793
17856	684
17872	741
17888	731
17904	694
17920	699
17936	670
17952	724
17968	739
17984	722
18000	726
18016	754
18032	725
18048	769
18064	728
18080	696
18096	702
18112	685
18128	732
18144	719
18160	716
18176	674
18192	675
18208	676
18224	658
18240	660
18256	679
18272	681
18288	645
18304	691
18320	613
18336	687
18352	661
18368	655
18384	624
18400	659
18416	687
18432	657
18448	697
18464	581
18480	669
18496	650
18512	643
18528	613
18544	639
18560	681
18576	622
18592	646
18608	658
18624	666
18640	652
18656	672
18672	686
18688	680
18704	675
18720	676
18736	647
18752	663
18768	631
18784	620
18800	585
18816	649
18832	692
18848	660
18864	630
18880	684
18896	696
18912	693
18928	734
18944	742
18960	766
18976	670
18992	632
19008	659
19024	636
19040	629
19056	649
19072	659
19088	560
19104	601
19120	593
19136	580
19152	573
19168	596
19184	581
19200	613
19216	574
19232	640
19248	554
19264	584
19280	593
19296	588
19312	587
19328	593
19344	594
19360	549
19376	605
19392	631
19408	526
19424	595
19440	572
19456	629
19472	628
19488	652
19504	656
19520	654
19536	596
19552	657
19568	703
19584	688
19600	674
19616	658
19632	683
19648	694
19664	674
19680	654
19696	677
19712	684
19728	705
19744	707
19760	708
19776	754
19792	772
19808	881
19824	968
19840	1013
19856	1308
19872	1496
19888	1742
19904	1943
19920	2212
19936	2218
19952	2209
19968	2217
19984	1990
20000	1763
20016	1523
20032	1209
20048	1070
20064	927
20080	799
20096	746
20112	668
20128	616
20144	631
20160	577
20176	620
20192	542
20208	598
20224	593
20240	556
20256	618
20272	601
20288	648
20304	599
20320	609
20336	613
20352	592
20368	584
20384	628
20400	624
20416	615
20432	563
20448	610
20464	601
20480	542
20496	553
20512	592
20528	583
20544	572
20560	547
20576	507
20592	520
20608	519
20624	511
20640	537
20656	501
20672	539
20688	508
20704	498
20720	543
20736	579
20752	507
20768	526
20784	494
20800	501
20816	514
20832	484
20848	524
20864	505
20880	530
20896	535
20912	490
20928	514
20944	490
20960	487
20976	481
20992	481
21008	503
21024	509
21040	495
21056	486
21072	509
21088	497
21104	547
21120	499
21136	534
21152	509
21168	536
21184	483
21200	517
21216	515
21232	487
21248	518
21264	499
21280	521
21296	494
21312	525
21328	461
21344	488
21360	480
21376	472
21392	492
21408	478
21424	484
21440	483
21456	458
21472	462
21488	494
21504	447
21520	446
21536	507
21552	450
21568	478
21584	462
21600	493
21616	446
21632	523
21648	463
21664	462
21680	469
21696	477
21712	466
21728	456
21744	460
21760	457
21776	489
21792	441
21808	496
21824	444
21840	485
21856	466
21872	478
21888	438
21904	429
21920	455
21936	445
21952	450
21968	462
21984	431
22000	473
22016	449
22032	410
22048	434
22064	419
22080	433
22096	445
22112	421
22128	450
22144	445
22160	464
22176	415
22192	406
22208	463
22224	424
22240	403
22256	449
22272	427
22288	438
22304	427
22320	422
22336	463
22352	445
22368	388
22384	418
22400	435
22416	457
22432	412
22448	406
22464	418
22480	470
22496	383
22512	429
22528	392
22544	403
22560	368
22576	378
22592	409
22608	406
22624	440
22640	400
22656	395
22672	394
22688	409
22704	408
22720	421
22736	425
22752	457
22768	499
22784	530
22800	588
22816	656
22832	765
22848	877
22864	846
22880	838
22896	775
22912	749
22928	668
22944	595
22960	546
22976	481
22992	467
23008	416
23024	400
23040	446
23056	381
23072	393
23088	369
23104	342
23120	348
23136	358
23152	405
23168	352
23184	356
23200	350
23216	365
23232	348
23248	347
23264	378
23280	320
23296	394
23312	362
23328	336
23344	362
23360	350
23376	294
23392	325
23408	345
23424	337
23440	313
23456	342
23472	325
23488	339
23504	342
23520	332
23536	350
23552	349
23568	320
23584	352
23600	319
23616	320
23632	365
23648	317
23664	333
23680	307
23696	348
23712	331
23728	306
23744	280
23760	297
23776	310
23792	313
23808	320
23824	354
23840	331
23856	290
23872	275
23888	304
23904	318
23920	298
23936	302
23952	318
23968	290
23984	296
24000	327
24016	293
24032	331
24048	271
24064	278
24080	310
24096	300
24112	282
24128	285
24144	317
24160	305
24176	270
24192	271
24208	292
24224	313
24240	281
24256	289
24272	315
24288	283
24304	308
24320	295
24336	304
24352	274
24368	303
24384	309
24400	291
24416	279
24432	312
24448	293
24464	280
24480	263
24496	290
24512	285
24528	294
24544	304
24560	287
24576	287
24592	282
24608	272
24624	279
24640	296
24656	276
24672	297
24688	278
24704	270
24720	317
24736	267
24752	284
24768	275
24784	265
24800	261
24816	296
24832	292
24848	254
24864	258
24880	255
24896	283
24912	276
24928	262
24944	274
24960	268
24976	261
24992	280
25008	247
25024	276
25040	232
25056	255
25072	261
25088	253
25104	261
25120	263
25136	269
25152	244
25168	260
25184	284
25200	279
25216	231
25232	278
25248	232
25264	245
25280	242
25296	273
25312	267
25328	276
25344	271
25360	237
25376	261
25392	252
25408	261
25424	277
25440	257
25456	247
25472	272
25488	242
25504	248
25520	283
25536	243
25552	258
25568	228
25584	235
25600	236
25616	232
25632	238
25648	256
25664	246
25680	220
25696	273
25712	196
25728	257
25744	262
25760	237
25776	241
25792	258
25808	271
25824	259
25840	221
25856	233
25872	246
25888	221
25904	242
25920	278
25936	258
25952	257
25968	215
25984	242
26000	224
26016	228
26032	227
26048	240
26064	239
26080	248
26096	241
26112	227
26128	209
26144	210
26160	221
26176	244
26192	225
26208	213
26224	209
26240	213
26256	230
26272	224
26288	230
26304	243
26320	234
26336	231
26352	238
26368	228
26384	246
26400	234
26416	233
26432	239
26448	187
26464	231
26480	222
26496	216
26512	220
26528	251
26544	228
26560	212
26576	240
26592	253
26608	264
26624	230
26640	246
26656	226
26672	260
26688	241
26704	216
26720	249
26736	256
26752	238
26768	237
26784	239
26800	250
26816	238
26832	240
26848	224
26864	237
26880	221
26896	215
26912	266
26928	231
26944	229
26960	243
26976	251
26992	242
27008	243
27024	228
27040	258
27056	227
27072	249
27088	259
27104	249
27120	231
27136	233
27152	210
27168	258
27184	212
27200	247
27216	242
27232	242
27248	242
27264	240
27280	253
27296	259
27312	254
27328	255
27344	252
27360	267
27376	246
27392	255
27408	245
27424	245
27440	243
27456	256
27472	250
27488	263
27504	273
27520	287
27536	276
27552	249
27568	261
27584	266
27600	238
27616	268
27632	260
27648	248
27664	267
27680	276
27696	282
27712	279
27728	278
27744	262
27760	289
27776	228
27792	266
27808	246
27824	260
27840	228
27856	265
27872	254
27888	247
27904	269
27920	268
27936	266
27952	273
27968	272
27984	266
28000	267
28016	307
28032	269
28048	280
28064	282
28080	259
28096	260
28112	275
28128	300
28144	283
28160	308
28176	267
28192	300
28208	270
28224	275
28240	265
28256	299
28272	276
28288	305
28304	275
28320	262
28336	295
28352	272
28368	304
28384	295
28400	319
28416	298
28432	305
28448	319
28464	311
28480	330
28496	371
28512	306
28528	338
28544	330
28560	306
28576	331
28592	314
28608	345
28624	324
28640	329
28656	275
28672	333
28688	326
28704	322
28720	302
28736	306
28752	311
28768	321
28784	312
28800	337
28816	312
28832	330
28848	363
28864	360
28880	362
28896	383
28912	390
28928	446
28944	542
28960	705
28976	878
28992	1160
29008	1562
29024	2019
29040	2480
29056	2842
29072	3130
29088	3600
29104	3828
29120	4014
29136	3970
29152	3932
29168	3973
29184	3926
29200	4004
29216	4345
29232	4686
29248	5332
29264	6306
29280	7590
29296	8603
29312	9628
29328	10817
29344	11043
29360	11629
29376	11657
29392	11827
29408	12577
29424	13001
29440	14220
29456	15278
29472	16795
29488	17896
29504	17538
29520	17137
29536	16264
29552	15146
29568	13731
29584	12179
29600	11148
29616	10195
29632	9156
29648	8532
29664	7773
29680	6857
29696	5922
29712	5201
29728	4454
29744	3892
29760	3245
29776	2831
29792	2383
29808	2102
29824	1874
29840	1690
29856	1643
29872	1519
29888	1340
29904	1367
29920	1294
29936	1275
29952	1130
29968	1108
29984	1079
30000	1100
30016	975
30032	935
30048	956
30064	897
30080	892
30096	874
30112	879
30128	827
30144	825
30160	846
30176	793
30192	834
30208	823
30224	769
30240	753
30256	784
30272	744
30288	773
30304	718
30320	715
30336	718
30352	715
30368	690
30384	670
30400	721
30416	665
30432	741
30448	701
30464	747
30480	735
30496	688
30512	713
30528	756
30544	690
30560	711
30576	713
30592	745
30608	691
30624	707
30640	656
30656	698
30672	716
30688	643
30704	675
30720	673
30736	654
30752	636
30768	626
30784	650
30800	636
30816	663
30832	667
30848	602
30864	678
30880	601
30896	600
30912	622
30928	673
30944	631
30960	661
30976	697
30992	629
31008	606
31024	664
31040	658
31056	631
31072	687
31088	709
31104	661
31120	653
31136	675
31152	673
31168	637
31184	686
31200	644
31216	678
31232	630
31248	629
31264	673
31280	658
31296	625
31312	634
31328	652
31344	701
31360	712
31376	687
31392	750
31408	680
31424	673
31440	739
31456	690
31472	665
31488	645
31504	642
31520	646
31536	579
31552	606
31568	586
31584	584
31600	636
31616	600
31632	629
31648	586
31664	613
31680	618
31696	584
31712	565
31728	595
31744	560
31760	599
31776	610
31792	565
31808	635
31824	609
31840	607
31856	537
31872	618
31888	625
31904	608
31920	620
31936	611
31952	594
31968	623
31984	651
