"Time (ps)"	"Counts per bin"
0	380
16	472
32	415
48	454
64	417
80	411
96	428
112	453
128	419
144	432
160	436
176	432
192	437
208	473
224	430
240	465
256	442
272	470
288	452
304	480
320	442
336	454
352	447
368	441
384	439
400	433
416	471
432	460
448	427
464	452
480	424
496	444
512	477
528	489
544	451
560	457
576	463
592	558
608	471
624	501
640	488
656	479
672	533
688	474
704	493
720	480
736	477
752	517
768	447
784	529
800	533
816	440
832	496
848	469
864	534
880	543
896	526
912	498
928	528
944	519
960	548
976	542
992	478
1008	543
1024	548
1040	532
1056	548
1072	543
1088	563
1104	532
1120	532
1136	542
1152	586
1168	591
1184	565
1200	578
1216	585
1232	627
1248	646
1264	643
1280	653
1296	664
1312	619
1328	629
1344	679
1360	665
1376	613
1392	607
1408	627
1424	548
1440	604
1456	581
1472	590
1488	609
1504	588
1520	613
1536	573
1552	619
1568	625
1584	679
1600	635
1616	627
1632	638
1648	634
1664	669
1680	744
1696	659
1712	742
1728	842
1744	1008
1760	1172
1776	1504
1792	2007
1808	2591
1824	3243
1840	4049
1856	4845
1872	5484
1888	6009
1904	6290
1920	6631
1936	6770
1952	6833
1968	6772
1984	6754
2000	6930
2016	7090
2032	7826
2048	8833
2064	10395
2080	11953
2096	14386
2112	16605
2128	18059
2144	19385
2160	19939
2176	20106
2192	20487
2208	20708
2224	22060
2240	24238
2256	26030
2272	28252
2288	29953
2304	30295
2320	30032
2336	28307
2352	26187
2368	23696
2384	21445
2400	19076
2416	17557
2432	16037
2448	15015
2464	13161
2480	12062
2496	10548
2512	9444
2528	7814
2544	6780
2560	5821
2576	4901
2592	4369
2608	3731
2624	3390
2640	3118
2656	2909
2672	2693
2688	2653
2704	2529
2720	2388
2736	2156
2752	2153
2768	2022
2784	1879
2800	1922
2816	1824
2832	1750
2848	1708
2864	1674
2880	1675
2896	1597
2912	1549
2928	1552
2944	1580
2960	1598
2976	1638
2992	1533
3008	1559
3024	1494
3040	1412
3056	1397
3072	1521
3088	1463
3104	1283
3120	1351
3136	1412
3152	1322
3168	1403
3184	1355
3200	1348
3216	1289
3232	1362
3248	1364
3264	1370
3280	1340
3296	1357
3312	1411
3328	1340
3344	1367
3360	1365
3376	1357
3392	1326
3408	1328
3424	1317
3440	1345
3456	1224
3472	1288
3488	1265
3504	1243
3520	1242
3536	1200
3552	1246
3568	1240
3584	1264
3600	1251
3616	1154
3632	1179
3648	1227
3664	1257
3680	1139
3696	1262
3712	1218
3728	1270
3744	1190
3760	1210
3776	1195
3792	1220
3808	1223
3824	1249
3840	1176
3856	1334
3872	1234
3888	1251
3904	1211
3920	1294
3936	1150
3952	1298
3968	1270
3984	1225
4000	1234
4016	1231
4032	1348
4048	1179
4064	1275
4080	1263
4096	1199
4112	1284
4128	1192
4144	1283
4160	1354
4176	1272
4192	1389
4208	1332
4224	1392
4240	1327
4256	1307
4272	1258
4288	1234
4304	1199
4320	1180
4336	1151
4352	1149
4368	1142
4384	1137
4400	1105
4416	1129
4432	1124
4448	1149
4464	1107
4480	1173
4496	1102
4512	1122
4528	1130
4544	1114
4560	1153
4576	1063
4592	1075
4608	1131
4624	1112
4640	1096
4656	1154
4672	1100
4688	1131
4704	1163
4720	1116
4736	1175
4752	1172
4768	1171
4784	1216
4800	1210
4816	1221
4832	1222
4848	1273
4864	1275
4880	1193
4896	1303
4912	1281
4928	1280
4944	1242
4960	1236
4976	1277
4992	1275
5008	1266
5024	1301
5040	1307
5056	1406
5072	1587
5088	1617
5104	1789
5120	2080
5136	2494
5152	2899
5168	3286
5184	3818
5200	3950
5216	4037
5232	3990
5248	3703
5264	3241
5280	2850
5296	2420
5312	2098
5328	1732
5344	1555
5360	1315
5376	1297
5392	1230
5408	1162
5424	1175
5440	1089
5456	1070
5472	1119
5488	1020
5504	1068
5520	1105
5536	1079
5552	1036
5568	1090
5584	1079
5600	1095
5616	1079
5632	1117
5648	1169
5664	1125
5680	1031
5696	1048
5712	1070
5728	1070
5744	1006
5760	1022
5776	967
5792	971
5808	974
5824	998
5840	963
5856	985
5872	971
5888	1019
5904	949
5920	934
5936	911
5952	1003
5968	891
5984	945
6000	985
6016	961
6032	951
6048	929
6064	964
6080	878
6096	927
6112	886
6128	910
6144	902
6160	932
6176	902
6192	905
6208	931
6224	899
6240	860
6256	918
6272	867
6288	892
6304	929
6320	876
6336	851
6352	854
6368	913
6384	895
6400	809
6416	818
6432	786
6448	882
6464	882
6480	897
6496	844
6512	785
6528	864
6544	797
6560	806
6576	874
6592	828
6608	875
6624	818
6640	844
6656	855
6672	857
6688	846
6704	831
6720	818
6736	892
6752	838
6768	796
6784	858
6800	825
6816	788
6832	814
6848	859
6864	782
6880	815
6896	855
6912	760
6928	738
6944	792
6960	815
6976	760
6992	801
7008	804
7024	781
7040	790
7056	777
7072	763
7088	752
7104	731
7120	749
7136	784
7152	762
7168	774
7184	725
7200	726
7216	778
7232	738
7248	673
7264	762
7280	766
7296	754
7312	727
7328	714
7344	698
7360	761
7376	746
7392	747
7408	687
7424	688
7440	688
7456	718
7472	698
7488	732
7504	687
7520	684
7536	711
7552	694
7568	652
7584	748
7600	700
7616	662
7632	671
7648	709
7664	674
7680	637
7696	674
7712	737
7728	639
7744	688
7760	694
7776	682
7792	640
7808	680
7824	662
7840	635
7856	673
7872	647
7888	692
7904	658
7920	654
7936	639
7952	600
7968	666
7984	643
8000	680
8016	748
8032	761
8048	852
8064	1008
8080	1068
8096	1247
8112	1270
8128	1439
8144	1495
8160	1434
8176	1361
8192	1206
8208	1052
8224	950
8240	841
8256	818
8272	721
8288	647
8304	659
8320	639
8336	606
8352	646
8368	557
8384	592
8400	566
8416	577
8432	612
8448	529
8464	578
8480	565
8496	608
8512	518
8528	547
8544	498
8560	538
8576	552
8592	519
8608	534
8624	544
8640	519
8656	571
8672	557
8688	572
8704	527
8720	553
8736	553
8752	537
8768	494
8784	508
8800	509
8816	505
8832	531
8848	520
8864	488
8880	520
8896	496
8912	509
8928	495
8944	475
8960	487
8976	501
8992	481
9008	511
9024	484
9040	494
9056	480
9072	484
9088	492
9104	470
9120	474
9136	470
9152	477
9168	459
9184	419
9200	474
9216	437
9232	490
9248	464
9264	449
9280	433
9296	481
9312	462
9328	445
9344	479
9360	469
9376	450
9392	485
9408	467
9424	458
9440	435
9456	436
9472	473
9488	434
9504	460
9520	445
9536	456
9552	441
9568	421
9584	444
9600	432
9616	469
9632	407
9648	413
9664	436
9680	442
9696	421
9712	437
9728	403
9744	412
9760	440
9776	428
9792	460
9808	405
9824	410
9840	420
9856	383
9872	415
9888	382
9904	433
9920	380
9936	413
9952	387
9968	406
9984	364
10000	394
10016	403
10032	363
10048	405
10064	391
10080	383
10096	430
10112	444
10128	400
10144	374
10160	432
10176	392
10192	361
10208	378
10224	428
10240	389
10256	391
10272	410
10288	381
10304	396
10320	360
10336	385
10352	401
10368	396
10384	384
10400	376
10416	377
10432	380
10448	376
10464	399
10480	365
10496	392
10512	375
10528	380
10544	353
10560	382
10576	389
10592	379
10608	375
10624	421
10640	365
10656	392
10672	376
10688	366
10704	372
10720	386
10736	380
10752	377
10768	370
10784	371
10800	382
10816	395
10832	394
10848	320
10864	365
10880	345
10896	325
10912	356
10928	390
10944	392
10960	380
10976	358
10992	385
11008	333
11024	367
11040	348
11056	394
11072	361
11088	371
11104	358
11120	350
11136	347
11152	353
11168	368
11184	353
11200	397
11216	371
11232	362
11248	398
11264	335
11280	368
11296	336
11312	372
11328	362
11344	401
11360	375
11376	359
11392	410
11408	344
11424	361
11440	377
11456	366
11472	349
11488	328
11504	374
11520	320
11536	374
11552	378
11568	374
11584	360
11600	362
11616	372
11632	377
11648	397
11664	359
11680	372
11696	363
11712	373
11728	383
11744	377
11760	388
11776	349
11792	380
11808	360
11824	369
11840	376
11856	368
11872	385
11888	410
11904	370
11920	360
11936	388
11952	396
11968	381
11984	391
12000	409
12016	396
12032	392
12048	411
12064	397
12080	377
12096	403
12112	394
12128	388
12144	369
12160	432
12176	425
12192	402
12208	389
12224	416
12240	399
12256	400
12272	385
12288	425
12304	407
12320	434
12336	427
12352	441
12368	406
12384	446
12400	406
12416	455
12432	400
12448	462
12464	414
12480	444
12496	436
12512	425
12528	422
12544	442
12560	445
12576	423
12592	438
12608	432
12624	417
12640	402
12656	440
12672	436
12688	450
12704	442
12720	468
12736	438
12752	440
12768	464
12784	443
12800	486
12816	453
12832	455
12848	473
12864	493
12880	459
12896	466
12912	473
12928	472
12944	483
12960	458
12976	462
12992	498
13008	511
13024	463
13040	455
13056	473
13072	443
13088	487
13104	482
13120	461
13136	468
13152	465
13168	463
13184	486
13200	496
13216	519
13232	490
13248	505
13264	511
13280	525
13296	495
13312	508
13328	534
13344	516
13360	495
13376	505
13392	467
13408	489
13424	548
13440	553
13456	489
13472	551
13488	476
13504	531
13520	517
13536	560
13552	540
13568	553
13584	527
13600	563
13616	569
13632	568
13648	585
13664	612
13680	613
13696	609
13712	623
13728	679
13744	663
13760	649
13776	700
13792	637
13808	617
13824	561
13840	599
13856	584
13872	599
13888	552
13904	547
13920	607
13936	583
13952	604
13968	572
13984	632
14000	584
14016	577
14032	606
14048	649
14064	635
14080	620
14096	604
14112	628
14128	600
14144	641
14160	739
14176	771
14192	791
14208	922
14224	1094
14240	1320
14256	1766
14272	2262
14288	2972
14304	3611
14320	4532
14336	5322
14352	5765
14368	6402
14384	6496
14400	6791
14416	6711
14432	6772
14448	6716
14464	6855
14480	6956
14496	7491
14512	8390
14528	9768
14544	11392
14560	13523
14576	15609
14592	17578
14608	18847
14624	19746
14640	19962
14656	20263
14672	20601
14688	21731
14704	23280
14720	25585
14736	27851
14752	29365
14768	30527
14784	30280
14800	29193
14816	27326
14832	24634
14848	22090
14864	19869
14880	18012
14896	16454
14912	15267
14928	14145
14944	12670
14960	10989
14976	9642
14992	8466
15008	7301
15024	6038
15040	5282
15056	4514
15072	4014
15088	3503
15104	3380
15120	3082
15136	2811
15152	2671
15168	2545
15184	2475
15200	2312
15216	2229
15232	2085
15248	1956
15264	1874
15280	1864
15296	1711
15312	1798
15328	1609
15344	1661
15360	1587
15376	1523
15392	1538
15408	1527
15424	1605
15440	1493
15456	1470
15472	1483
15488	1502
15504	1396
15520	1460
15536	1482
15552	1382
15568	1412
15584	1345
15600	1377
15616	1287
15632	1408
15648	1352
15664	1360
15680	1308
15696	1334
15712	1351
15728	1373
15744	1373
15760	1414
15776	1378
15792	1382
15808	1323
15824	1361
15840	1294
15856	1282
15872	1275
15888	1273
15904	1324
15920	1368
15936	1389
15952	1302
15968	1256
15984	1280
16000	1243
16016	1224
16032	1292
16048	1226
16064	1255
16080	1234
16096	1251
16112	1221
16128	1211
16144	1276
16160	1270
16176	1193
16192	1242
16208	1195
16224	1228
16240	1266
16256	1233
16272	1191
16288	1189
16304	1243
16320	1178
16336	1204
16352	1230
16368	1251
16384	1222
16400	1267
16416	1229
16432	1267
16448	1275
16464	1284
16480	1238
16496	1223
16512	1198
16528	1172
16544	1228
16560	1240
16576	1197
16592	1265
16608	1294
16624	1378
16640	1355
16656	1397
16672	1433
16688	1343
16704	1351
16720	1294
16736	1271
16752	1258
16768	1218
16784	1230
16800	1182
16816	1082
16832	1134
16848	1165
16864	1114
16880	1041
16896	1115
16912	1096
16928	1147
16944	1094
16960	1137
16976	1170
16992	1181
17008	1134
17024	1047
17040	1105
17056	1090
17072	1143
17088	1105
17104	1092
17120	1117
17136	1157
17152	1142
17168	1125
17184	1139
17200	1134
17216	1144
17232	1126
17248	1179
17264	1168
17280	1216
17296	1240
17312	1251
17328	1314
17344	1252
17360	1238
17376	1277
17392	1314
17408	1226
17424	1240
17440	1233
17456	1305
17472	1222
17488	1323
17504	1270
17520	1434
17536	1489
17552	1652
17568	1736
17584	1921
17600	2275
17616	2777
17632	3092
17648	3561
17664	3842
17680	4104
17696	4042
17712	3897
17728	3456
17744	3129
17760	2611
17776	2294
17792	1930
17808	1596
17824	1438
17840	1290
17856	1136
17872	1137
17888	1139
17904	1125
17920	1036
17936	1107
17952	1044
17968	1057
17984	1053
18000	1090
18016	1102
18032	1109
18048	1102
18064	1103
18080	1155
18096	1089
18112	1067
18128	1101
18144	1119
18160	1118
18176	1079
18192	1025
18208	1048
18224	1073
18240	1056
18256	949
18272	997
18288	986
18304	939
18320	959
18336	990
18352	1005
18368	940
18384	982
18400	991
18416	932
18432	976
18448	920
18464	934
18480	902
18496	902
18512	926
18528	875
18544	914
18560	885
18576	866
18592	875
18608	915
18624	828
18640	902
18656	926
18672	899
18688	875
18704	918
18720	884
18736	877
18752	885
18768	902
18784	874
18800	832
18816	911
18832	878
18848	840
18864	857
18880	884
18896	814
18912	869
18928	894
18944	841
18960	905
18976	824
18992	873
19008	881
19024	880
19040	807
19056	866
19072	798
19088	819
19104	815
19120	829
19136	811
19152	797
19168	840
19184	797
19200	816
19216	841
19232	821
19248	815
19264	817
19280	798
19296	811
19312	835
19328	816
19344	776
19360	773
19376	821
19392	792
19408	727
19424	760
19440	799
19456	786
19472	779
19488	767
19504	776
19520	767
19536	755
19552	750
19568	751
19584	742
19600	812
19616	737
19632	745
19648	808
19664	747
19680	774
19696	780
19712	698
19728	748
19744	747
19760	776
19776	778
19792	715
19808	741
19824	717
19840	717
19856	756
19872	700
19888	718
19904	697
19920	717
19936	639
19952	737
19968	663
19984	682
20000	726
20016	681
20032	718
20048	671
20064	673
20080	715
20096	734
20112	662
20128	667
20144	694
20160	689
20176	668
20192	701
20208	682
20224	697
20240	657
20256	658
20272	652
20288	660
20304	630
20320	691
20336	652
20352	639
20368	672
20384	629
20400	649
20416	644
20432	635
20448	654
20464	700
20480	724
20496	759
20512	820
20528	931
20544	1060
20560	1201
20576	1325
20592	1457
20608	1511
20624	1449
20640	1437
20656	1270
20672	1151
20688	997
20704	860
20720	806
20736	729
20752	677
20768	662
20784	653
20800	638
20816	617
20832	539
20848	593
20864	560
20880	561
20896	568
20912	570
20928	542
20944	568
20960	535
20976	591
20992	553
21008	584
21024	570
21040	511
21056	556
21072	590
21088	526
21104	589
21120	536
21136	540
21152	516
21168	542
21184	574
21200	534
21216	493
21232	548
21248	565
21264	520
21280	543
21296	512
21312	511
21328	527
21344	528
21360	474
21376	479
21392	518
21408	481
21424	482
21440	466
21456	492
21472	472
21488	526
21504	469
21520	464
21536	486
21552	495
21568	458
21584	461
21600	504
21616	444
21632	484
21648	467
21664	478
21680	474
21696	481
21712	496
21728	444
21744	461
21760	432
21776	468
21792	462
21808	460
21824	426
21840	421
21856	442
21872	430
21888	461
21904	458
21920	439
21936	446
21952	422
21968	434
21984	451
22000	431
22016	416
22032	406
22048	425
22064	426
22080	416
22096	469
22112	443
22128	436
22144	426
22160	431
22176	435
22192	415
22208	436
22224	434
22240	406
22256	412
22272	394
22288	370
22304	421
22320	430
22336	394
22352	406
22368	436
22384	398
22400	394
22416	392
22432	389
22448	417
22464	398
22480	391
22496	373
22512	394
22528	395
22544	408
22560	355
22576	400
22592	388
22608	391
22624	385
22640	409
22656	418
22672	362
22688	413
22704	388
22720	397
22736	385
22752	402
22768	337
22784	399
22800	392
22816	360
22832	392
22848	404
22864	390
22880	356
22896	377
22912	347
22928	363
22944	372
22960	399
22976	387
22992	378
23008	370
23024	347
23040	399
23056	383
23072	401
23088	375
23104	393
23120	360
23136	324
23152	349
23168	364
23184	385
23200	356
23216	340
23232	375
23248	400
23264	369
23280	362
23296	346
23312	335
23328	391
23344	379
23360	384
23376	347
23392	380
23408	370
23424	368
23440	390
23456	372
23472	362
23488	369
23504	338
23520	361
23536	331
23552	380
23568	358
23584	384
23600	357
23616	341
23632	361
23648	363
23664	373
23680	344
23696	378
23712	383
23728	347
23744	389
23760	349
23776	355
23792	387
23808	359
23824	362
23840	340
23856	383
23872	331
23888	375
23904	335
23920	368
23936	347
23952	371
23968	391
23984	358
24000	384
24016	328
24032	376
24048	378
24064	358
24080	385
24096	392
24112	348
24128	369
24144	372
24160	424
24176	365
24192	358
24208	385
24224	392
24240	369
24256	379
24272	384
24288	383
24304	387
24320	373
24336	373
24352	389
24368	368
24384	409
24400	382
24416	369
24432	403
24448	392
24464	398
24480	389
24496	368
24512	381
24528	371
24544	387
24560	402
24576	407
24592	389
24608	389
24624	388
24640	447
24656	441
24672	371
24688	420
24704	375
24720	374
24736	389
24752	373
24768	390
24784	434
24800	398
24816	410
24832	435
24848	422
24864	422
24880	415
24896	431
24912	438
24928	414
24944	424
24960	393
24976	427
24992	419
25008	420
25024	421
25040	451
25056	457
25072	411
25088	460
25104	463
25120	476
25136	465
25152	436
25168	452
25184	449
25200	442
25216	421
25232	474
25248	443
25264	455
25280	472
25296	449
25312	488
25328	450
25344	493
25360	436
25376	441
25392	473
25408	462
25424	484
25440	491
25456	424
25472	503
25488	450
25504	471
25520	484
25536	499
25552	476
25568	469
25584	497
25600	497
25616	504
25632	457
25648	484
25664	504
25680	516
25696	511
25712	450
25728	481
25744	513
25760	499
25776	470
25792	543
25808	527
25824	546
25840	502
25856	549
25872	494
25888	507
25904	522
25920	549
25936	506
25952	514
25968	560
25984	507
26000	533
26016	517
26032	486
26048	542
26064	550
26080	572
26096	570
26112	568
26128	591
26144	594
26160	625
26176	655
26192	654
26208	644
26224	695
26240	675
26256	651
26272	625
26288	597
26304	655
26320	579
26336	596
26352	611
26368	617
26384	553
26400	565
26416	598
26432	620
26448	656
26464	597
26480	592
26496	647
26512	630
26528	638
26544	602
26560	609
26576	652
26592	620
26608	691
26624	661
26640	698
26656	787
26672	844
26688	971
26704	1248
26720	1625
26736	2184
26752	2792
26768	3498
26784	4226
26800	4942
26816	5621
26832	6149
26848	6437
26864	6658
26880	6767
26896	6878
26912	6726
26928	6744
26944	6902
26960	7427
26976	8064
26992	9260
27008	10878
27024	12528
27040	15031
27056	16845
27072	18742
27088	19423
27104	20248
27120	20410
27136	20445
27152	21182
27168	22409
27184	24650
27200	27117
27216	28871
27232	30098
27248	30603
27264	29506
27280	27830
27296	25556
27312	22834
27328	20914
27344	18645
27360	17130
27376	15608
27392	14463
27408	13065
27424	11680
27440	10296
27456	8770
27472	7602
27488	6402
27504	5534
27520	4802
27536	4235
27552	3705
27568	3389
27584	3045
27600	2931
27616	2641
27632	2564
27648	2481
27664	2330
27680	2282
27696	2103
27712	2032
27728	1969
27744	1936
27760	1834
27776	1681
27792	1768
27808	1633
27824	1682
27840	1579
27856	1538
27872	1545
27888	1606
27904	1560
27920	1610
27936	1551
27952	1558
27968	1474
27984	1424
28000	1457
28016	1357
28032	1358
28048	1469
28064	1300
28080	1323
28096	1332
28112	1380
28128	1313
28144	1354
28160	1332
28176	1387
28192	1390
28208	1365
28224	1340
28240	1373
28256	1355
28272	1386
28288	1313
28304	1335
28320	1246
28336	1269
28352	1286
28368	1278
28384	1246
28400	1298
28416	1235
28432	1261
28448	1256
28464	1242
28480	1254
28496	1251
28512	1237
28528	1200
28544	1247
28560	1317
28576	1314
28592	1192
28608	1214
28624	1330
28640	1185
28656	1255
28672	1124
28688	1236
28704	1136
28720	1275
28736	1275
28752	1158
28768	1201
28784	1223
28800	1248
28816	1212
28832	1220
28848	1264
28864	1329
28880	1253
28896	1250
28912	1211
28928	1264
28944	1223
28960	1280
28976	1207
28992	1147
29008	1146
29024	1237
29040	1257
29056	1270
29072	1270
29088	1323
29104	1397
29120	1383
29136	1360
29152	1358
29168	1347
29184	1296
29200	1293
29216	1209
29232	1226
29248	1195
29264	1209
29280	1120
29296	1088
29312	1077
29328	1111
29344	1082
29360	1133
29376	1113
29392	1098
29408	1109
29424	1138
29440	1103
29456	1168
29472	1137
29488	1146
29504	1119
29520	1125
29536	1159
29552	1069
29568	1070
29584	1100
29600	1167
29616	1137
29632	1105
29648	1153
29664	1148
29680	1187
29696	1171
29712	1172
29728	1250
29744	1258
29760	1254
29776	1204
29792	1236
29808	1239
29824	1259
29840	1277
29856	1275
29872	1243
29888	1270
29904	1272
29920	1292
29936	1222
29952	1263
29968	1339
29984	1376
30000	1469
30016	1544
30032	1774
30048	1938
30064	2230
30080	2556
30096	2997
30112	3382
30128	3844
30144	4130
30160	4068
30176	3829
30192	3629
30208	3257
30224	2719
30240	2319
30256	2023
30272	1791
30288	1536
30304	1309
30320	1202
30336	1173
30352	1073
30368	1031
30384	1070
30400	1047
30416	1069
30432	1061
30448	1068
30464	1062
30480	1073
30496	1061
30512	1074
30528	1030
30544	1144
30560	1107
30576	1075
30592	1068
30608	1061
30624	1079
30640	1116
30656	1060
30672	971
30688	1034
30704	1081
30720	1039
30736	1003
30752	1000
30768	960
30784	951
30800	975
30816	941
30832	927
30848	981
30864	928
30880	915
30896	940
30912	944
30928	898
30944	941
30960	990
30976	978
30992	928
31008	906
31024	897
31040	963
31056	873
31072	929
31088	906
31104	947
31120	900
31136	888
31152	960
31168	869
31184	870
31200	936
31216	906
31232	928
31248	893
31264	862
31280	820
31296	882
31312	878
31328	878
31344	898
31360	930
31376	855
31392	866
31408	900
31424	869
31440	861
31456	864
31472	812
31488	835
31504	827
31520	789
31536	823
31552	845
31568	848
31584	840
31600	821
31616	811
31632	800
31648	809
31664	888
31680	819
31696	852
31712	816
31728	808
31744	836
31760	829
31776	854
31792	832
31808	773
31824	788
31840	823
31856	762
31872	793
31888	828
31904	750
31920	784
31936	733
31952	794
31968	766
31984	749
