"Time (ps)"	"Counts per bin"
0	411
16	436
32	460
48	419
64	435
80	463
96	434
112	416
128	436
144	470
160	426
176	441
192	434
208	405
224	424
240	426
256	416
272	454
288	423
304	553
320	576
336	636
352	741
368	822
384	854
400	990
416	962
432	871
448	846
464	770
480	707
496	631
512	544
528	459
544	443
560	435
576	409
592	412
608	365
624	434
640	414
656	429
672	426
688	416
704	378
720	439
736	404
752	411
768	381
784	381
800	367
816	373
832	357
848	392
864	364
880	380
896	378
912	321
928	333
944	334
960	369
976	382
992	334
1008	373
1024	366
1040	366
1056	372
1072	372
1088	347
1104	338
1120	352
1136	383
1152	329
1168	371
1184	348
1200	342
1216	355
1232	348
1248	341
1264	328
1280	356
1296	359
1312	349
1328	344
1344	321
1360	349
1376	363
1392	332
1408	368
1424	376
1440	320
1456	309
1472	323
1488	333
1504	355
1520	297
1536	294
1552	297
1568	319
1584	298
1600	325
1616	313
1632	293
1648	308
1664	318
1680	315
1696	300
1712	288
1728	317
1744	312
1760	279
1776	279
1792	282
1808	313
1824	294
1840	291
1856	326
1872	294
1888	296
1904	288
1920	334
1936	326
1952	281
1968	283
1984	339
2000	302
2016	282
2032	320
2048	308
2064	293
2080	289
2096	294
2112	254
2128	271
2144	302
2160	270
2176	295
2192	290
2208	275
2224	304
2240	283
2256	302
2272	286
2288	283
2304	295
2320	273
2336	245
2352	282
2368	277
2384	279
2400	291
2416	267
2432	266
2448	279
2464	259
2480	287
2496	266
2512	241
2528	279
2544	268
2560	269
2576	271
2592	272
2608	257
2624	276
2640	269
2656	283
2672	246
2688	232
2704	253
2720	242
2736	232
2752	276
2768	276
2784	246
2800	225
2816	235
2832	246
2848	239
2864	254
2880	215
2896	235
2912	231
2928	252
2944	248
2960	233
2976	228
2992	253
3008	244
3024	248
3040	235
3056	220
3072	240
3088	240
3104	215
3120	215
3136	239
3152	224
3168	222
3184	206
3200	223
3216	238
3232	193
3248	203
3264	218
3280	228
3296	231
3312	203
3328	206
3344	207
3360	176
3376	209
3392	221
3408	213
3424	214
3440	189
3456	209
3472	209
3488	224
3504	210
3520	194
3536	221
3552	219
3568	183
3584	199
3600	177
3616	209
3632	198
3648	189
3664	208
3680	189
3696	221
3712	180
3728	188
3744	197
3760	198
3776	213
3792	186
3808	196
3824	195
3840	160
3856	199
3872	184
3888	222
3904	159
3920	201
3936	172
3952	207
3968	157
3984	172
4000	184
4016	193
4032	195
4048	173
4064	199
4080	184
4096	174
4112	183
4128	188
4144	206
4160	171
4176	214
4192	188
4208	191
4224	163
4240	157
4256	170
4272	181
4288	159
4304	189
4320	186
4336	190
4352	177
4368	186
4384	174
4400	190
4416	185
4432	186
4448	168
4464	164
4480	189
4496	179
4512	165
4528	168
4544	179
4560	189
4576	170
4592	180
4608	183
4624	184
4640	172
4656	176
4672	165
4688	201
4704	167
4720	174
4736	162
4752	161
4768	169
4784	161
4800	181
4816	173
4832	160
4848	162
4864	162
4880	173
4896	164
4912	165
4928	159
4944	182
4960	151
4976	176
4992	175
5008	166
5024	175
5040	160
5056	184
5072	178
5088	170
5104	185
5120	183
5136	164
5152	178
5168	158
5184	176
5200	166
5216	188
5232	162
5248	196
5264	186
5280	167
5296	184
5312	167
5328	168
5344	175
5360	155
5376	188
5392	195
5408	179
5424	183
5440	144
5456	156
5472	173
5488	189
5504	158
5520	189
5536	191
5552	203
5568	193
5584	189
5600	171
5616	189
5632	194
5648	175
5664	175
5680	191
5696	153
5712	208
5728	184
5744	191
5760	188
5776	176
5792	216
5808	179
5824	166
5840	175
5856	188
5872	169
5888	197
5904	173
5920	179
5936	200
5952	234
5968	178
5984	233
6000	229
6016	228
6032	230
6048	187
6064	220
6080	223
6096	200
6112	177
6128	178
6144	189
6160	172
6176	180
6192	221
6208	208
6224	192
6240	206
6256	198
6272	237
6288	200
6304	192
6320	213
6336	228
6352	212
6368	205
6384	198
6400	256
6416	244
6432	231
6448	248
6464	276
6480	335
6496	470
6512	599
6528	885
6544	1155
6560	1581
6576	1924
6592	2297
6608	2722
6624	2976
6640	3073
6656	3121
6672	3284
6688	3269
6704	3309
6720	3231
6736	3318
6752	3514
6768	3840
6784	4244
6800	4967
6816	6018
6832	7143
6848	8138
6864	9092
6880	9373
6896	9428
6912	9351
6928	9524
6944	9846
6960	10350
6976	11712
6992	13226
7008	14647
7024	15641
7040	16643
7056	16421
7072	15170
7088	14024
7104	12400
7120	10860
7136	9527
7152	8466
7168	7191
7184	6486
7200	5676
7216	4796
7232	4167
7248	3399
7264	2879
7280	2418
7296	2056
7312	1723
7328	1463
7344	1396
7360	1225
7376	1123
7392	998
7408	927
7424	932
7440	858
7456	827
7472	782
7488	772
7504	758
7520	763
7536	710
7552	725
7568	633
7584	655
7600	652
7616	619
7632	535
7648	609
7664	566
7680	591
7696	550
7712	563
7728	583
7744	590
7760	534
7776	578
7792	551
7808	522
7824	526
7840	485
7856	503
7872	530
7888	521
7904	499
7920	452
7936	510
7952	512
7968	536
7984	513
8000	539
8016	568
8032	523
8048	523
8064	542
8080	611
8096	514
8112	497
8128	505
8144	482
8160	535
8176	479
8192	465
8208	477
8224	479
8240	490
8256	511
8272	492
8288	516
8304	444
8320	460
8336	485
8352	476
8368	507
8384	482
8400	495
8416	505
8432	471
8448	476
8464	448
8480	456
8496	458
8512	502
8528	457
8544	470
8560	458
8576	462
8592	466
8608	488
8624	481
8640	452
8656	491
8672	488
8688	527
8704	520
8720	487
8736	486
8752	479
8768	479
8784	476
8800	526
8816	460
8832	497
8848	505
8864	518
8880	504
8896	524
8912	512
8928	563
8944	538
8960	541
8976	567
8992	550
9008	531
9024	522
9040	510
9056	495
9072	479
9088	482
9104	490
9120	534
9136	508
9152	485
9168	452
9184	482
9200	497
9216	492
9232	497
9248	499
9264	466
9280	504
9296	488
9312	459
9328	486
9344	463
9360	512
9376	531
9392	502
9408	505
9424	496
9440	511
9456	515
9472	505
9488	509
9504	552
9520	552
9536	514
9552	496
9568	516
9584	553
9600	535
9616	578
9632	562
9648	537
9664	546
9680	525
9696	569
9712	545
9728	537
9744	574
9760	503
9776	547
9792	572
9808	580
9824	629
9840	696
9856	843
9872	977
9888	1179
9904	1404
9920	1486
9936	1591
9952	1717
9968	1646
9984	1460
10000	1339
10016	1112
10032	1020
10048	818
10064	771
10080	646
10096	593
10112	587
10128	531
10144	494
10160	546
10176	534
10192	488
10208	489
10224	524
10240	487
10256	502
10272	526
10288	499
10304	492
10320	481
10336	522
10352	516
10368	524
10384	528
10400	517
10416	524
10432	532
10448	560
10464	514
10480	541
10496	500
10512	510
10528	484
10544	509
10560	526
10576	514
10592	516
10608	524
10624	484
10640	502
10656	510
10672	505
10688	499
10704	494
10720	526
10736	491
10752	488
10768	453
10784	480
10800	513
10816	544
10832	444
10848	465
10864	509
10880	483
10896	474
10912	451
10928	496
10944	467
10960	507
10976	539
10992	506
11008	521
11024	514
11040	489
11056	492
11072	520
11088	522
11104	487
11120	485
11136	495
11152	483
11168	471
11184	458
11200	493
11216	480
11232	510
11248	486
11264	522
11280	474
11296	449
11312	482
11328	485
11344	492
11360	495
11376	504
11392	485
11408	489
11424	495
11440	491
11456	495
11472	503
11488	504
11504	455
11520	488
11536	469
11552	452
11568	497
11584	499
11600	515
11616	488
11632	472
11648	492
11664	453
11680	476
11696	513
11712	498
11728	427
11744	491
11760	484
11776	472
11792	517
11808	452
11824	487
11840	473
11856	521
11872	477
11888	463
11904	442
11920	480
11936	441
11952	456
11968	495
11984	490
12000	492
12016	477
12032	462
12048	517
12064	461
12080	447
12096	478
12112	457
12128	439
12144	451
12160	450
12176	450
12192	453
12208	429
12224	434
12240	456
12256	417
12272	456
12288	453
12304	442
12320	441
12336	438
12352	465
12368	434
12384	444
12400	447
12416	489
12432	456
12448	478
12464	412
12480	438
12496	442
12512	427
12528	419
12544	421
12560	395
12576	419
12592	447
12608	401
12624	480
12640	435
12656	421
12672	429
12688	438
12704	434
12720	434
12736	454
12752	478
12768	471
12784	550
12800	581
12816	698
12832	733
12848	816
12864	902
12880	936
12896	934
12912	895
12928	800
12944	721
12960	614
12976	577
12992	527
13008	439
13024	413
13040	433
13056	435
13072	418
13088	434
13104	359
13120	390
13136	439
13152	399
13168	388
13184	377
13200	421
13216	378
13232	413
13248	415
13264	360
13280	383
13296	381
13312	380
13328	409
13344	389
13360	388
13376	372
13392	387
13408	389
13424	363
13440	337
13456	364
13472	381
13488	362
13504	344
13520	357
13536	340
13552	356
13568	314
13584	343
13600	346
13616	341
13632	338
13648	383
13664	342
13680	332
13696	352
13712	326
13728	358
13744	337
13760	381
13776	346
13792	358
13808	359
13824	351
13840	325
13856	350
13872	322
13888	321
13904	335
13920	306
13936	333
13952	311
13968	320
13984	329
14000	344
14016	314
14032	328
14048	327
14064	354
14080	311
14096	294
14112	315
14128	358
14144	295
14160	326
14176	332
14192	298
14208	314
14224	272
14240	310
14256	296
14272	292
14288	284
14304	294
14320	294
14336	309
14352	288
14368	302
14384	286
14400	288
14416	298
14432	280
14448	314
14464	299
14480	307
14496	282
14512	305
14528	282
14544	256
14560	292
14576	268
14592	300
14608	335
14624	294
14640	254
14656	303
14672	306
14688	264
14704	238
14720	283
14736	304
14752	291
14768	296
14784	288
14800	267
14816	286
14832	254
14848	294
14864	248
14880	294
14896	301
14912	269
14928	256
14944	248
14960	271
14976	242
14992	263
15008	275
15024	247
15040	235
15056	251
15072	284
15088	294
15104	253
15120	263
15136	245
15152	252
15168	274
15184	266
15200	270
15216	248
15232	231
15248	245
15264	246
15280	243
15296	239
15312	213
15328	263
15344	251
15360	232
15376	250
15392	205
15408	238
15424	223
15440	203
15456	224
15472	263
15488	203
15504	217
15520	256
15536	212
15552	222
15568	221
15584	223
15600	217
15616	216
15632	228
15648	220
15664	208
15680	241
15696	221
15712	226
15728	226
15744	251
15760	218
15776	202
15792	220
15808	213
15824	230
15840	221
15856	189
15872	205
15888	207
15904	239
15920	233
15936	225
15952	205
15968	196
15984	204
16000	192
16016	207
16032	218
16048	218
16064	210
16080	198
16096	198
16112	220
16128	226
16144	208
16160	220
16176	195
16192	228
16208	191
16224	192
16240	194
16256	181
16272	172
16288	202
16304	178
16320	185
16336	192
16352	189
16368	193
16384	170
16400	179
16416	182
16432	200
16448	169
16464	168
16480	181
16496	220
16512	214
16528	194
16544	189
16560	174
16576	186
16592	195
16608	180
16624	188
16640	173
16656	164
16672	197
16688	177
16704	206
16720	182
16736	193
16752	174
16768	185
16784	187
16800	177
16816	168
16832	189
16848	193
16864	166
16880	175
16896	180
16912	167
16928	189
16944	156
16960	159
16976	185
16992	154
17008	179
17024	187
17040	187
17056	167
17072	180
17088	182
17104	167
17120	184
17136	160
17152	164
17168	169
17184	160
17200	160
17216	164
17232	181
17248	169
17264	174
17280	189
17296	165
17312	161
17328	170
17344	148
17360	142
17376	178
17392	176
17408	171
17424	165
17440	183
17456	180
17472	190
17488	176
17504	157
17520	178
17536	174
17552	174
17568	189
17584	164
17600	183
17616	204
17632	213
17648	168
17664	166
17680	192
17696	170
17712	223
17728	164
17744	185
17760	158
17776	173
17792	157
17808	179
17824	167
17840	197
17856	184
17872	206
17888	161
17904	186
17920	163
17936	148
17952	178
17968	181
17984	177
18000	177
18016	160
18032	179
18048	184
18064	174
18080	183
18096	187
18112	165
18128	186
18144	183
18160	190
18176	188
18192	192
18208	167
18224	194
18240	174
18256	206
18272	183
18288	196
18304	183
18320	183
18336	178
18352	197
18368	189
18384	192
18400	177
18416	197
18432	212
18448	235
18464	232
18480	210
18496	206
18512	214
18528	223
18544	217
18560	200
18576	169
18592	198
18608	199
18624	197
18640	190
18656	204
18672	201
18688	191
18704	176
18720	194
18736	193
18752	192
18768	193
18784	177
18800	189
18816	206
18832	236
18848	185
18864	215
18880	205
18896	235
18912	235
18928	273
18944	324
18960	431
18976	542
18992	793
19008	1034
19024	1427
19040	1778
19056	2155
19072	2459
19088	2754
19104	2955
19120	3137
19136	3248
19152	3410
19168	3246
19184	3235
19200	3363
19216	3467
19232	3604
19248	4163
19264	4883
19280	5650
19296	6731
19312	7741
19328	8752
19344	9278
19360	9472
19376	9377
19392	9150
19408	9412
19424	10232
19440	11169
19456	12603
19472	13950
19488	15442
19504	16492
19520	16646
19536	15831
19552	14575
19568	13078
19584	11482
19600	10031
19616	8672
19632	7766
19648	6757
19664	5680
19680	5201
19696	4413
19712	3728
19728	3027
19744	2583
19760	2229
19776	1764
19792	1609
19808	1450
19824	1315
19840	1154
19856	1049
19872	969
19888	944
19904	788
19920	829
19936	812
19952	725
19968	760
19984	738
20000	698
20016	688
20032	683
20048	688
20064	598
20080	627
20096	656
20112	554
20128	597
20144	641
20160	633
20176	567
20192	521
20208	551
20224	578
20240	560
20256	532
20272	546
20288	473
20304	548
20320	500
20336	515
20352	508
20368	480
20384	499
20400	505
20416	510
20432	537
20448	531
20464	482
20480	528
20496	550
20512	544
20528	517
20544	552
20560	586
20576	547
20592	532
20608	489
20624	524
20640	504
20656	502
20672	461
20688	488
20704	471
20720	483
20736	480
20752	470
20768	459
20784	493
20800	481
20816	494
20832	469
20848	457
20864	482
20880	471
20896	462
20912	482
20928	487
20944	481
20960	453
20976	518
20992	487
21008	505
21024	494
21040	459
21056	501
21072	469
21088	446
21104	463
21120	470
21136	530
21152	454
21168	482
21184	470
21200	462
21216	455
21232	496
21248	483
21264	476
21280	474
21296	547
21312	508
21328	521
21344	487
21360	464
21376	516
21392	532
21408	573
21424	549
21440	557
21456	534
21472	471
21488	539
21504	532
21520	519
21536	506
21552	494
21568	503
21584	468
21600	490
21616	475
21632	469
21648	460
21664	533
21680	478
21696	503
21712	496
21728	500
21744	499
21760	485
21776	456
21792	522
21808	515
21824	500
21840	483
21856	510
21872	504
21888	495
21904	460
21920	503
21936	478
21952	497
21968	502
21984	517
22000	528
22016	480
22032	491
22048	527
22064	532
22080	567
22096	530
22112	552
22128	543
22144	543
22160	506
22176	546
22192	531
22208	581
22224	538
22240	542
22256	556
22272	589
22288	591
22304	690
22320	751
22336	908
22352	1090
22368	1283
22384	1446
22400	1588
22416	1629
22432	1671
22448	1517
22464	1390
22480	1257
22496	1052
22512	889
22528	724
22544	686
22560	666
22576	588
22592	552
22608	523
22624	523
22640	543
22656	524
22672	475
22688	551
22704	502
22720	517
22736	528
22752	505
22768	505
22784	472
22800	520
22816	514
22832	523
22848	533
22864	519
22880	511
22896	495
22912	536
22928	508
22944	507
22960	519
22976	496
22992	493
23008	558
23024	513
23040	515
23056	471
23072	491
23088	482
23104	537
23120	504
23136	497
23152	535
23168	519
23184	509
23200	498
23216	503
23232	457
23248	503
23264	492
23280	509
23296	512
23312	537
23328	487
23344	496
23360	514
23376	473
23392	523
23408	484
23424	501
23440	541
23456	497
23472	511
23488	489
23504	526
23520	468
23536	456
23552	483
23568	524
23584	512
23600	475
23616	510
23632	481
23648	506
23664	480
23680	486
23696	511
23712	511
23728	501
23744	544
23760	484
23776	454
23792	468
23808	507
23824	503
23840	490
23856	524
23872	445
23888	458
23904	436
23920	475
23936	493
23952	457
23968	456
23984	500
24000	496
24016	493
24032	497
24048	471
24064	489
24080	466
24096	486
24112	486
24128	436
24144	496
24160	467
24176	450
24192	503
24208	513
24224	496
24240	464
24256	481
24272	503
24288	448
24304	481
24320	466
24336	473
24352	459
24368	451
24384	476
24400	459
24416	455
24432	474
24448	480
24464	459
24480	453
24496	446
24512	433
24528	473
24544	466
24560	464
24576	459
24592	442
24608	443
24624	471
24640	457
24656	480
24672	416
24688	472
24704	467
24720	445
24736	433
24752	440
24768	475
24784	435
24800	429
24816	398
24832	451
24848	429
24864	433
24880	435
24896	408
24912	443
24928	454
24944	448
24960	439
24976	454
24992	408
25008	442
25024	420
25040	438
25056	422
25072	443
25088	411
25104	461
25120	415
25136	411
25152	443
25168	428
25184	432
25200	471
25216	464
25232	478
25248	545
25264	614
25280	634
25296	770
25312	848
25328	889
25344	903
25360	913
25376	880
25392	837
25408	722
25424	673
25440	556
25456	547
25472	517
25488	452
25504	445
25520	408
25536	399
25552	405
25568	424
25584	401
25600	373
25616	358
25632	388
25648	370
25664	402
25680	365
25696	389
25712	389
25728	365
25744	379
25760	395
25776	392
25792	431
25808	357
25824	350
25840	375
25856	374
25872	362
25888	388
25904	361
25920	354
25936	370
25952	378
25968	358
25984	338
26000	340
26016	355
26032	347
26048	364
26064	345
26080	357
26096	360
26112	338
26128	350
26144	331
26160	343
26176	334
26192	359
26208	330
26224	353
26240	354
26256	342
26272	343
26288	348
26304	341
26320	321
26336	345
26352	343
26368	320
26384	351
26400	333
26416	357
26432	334
26448	354
26464	330
26480	300
26496	354
26512	358
26528	320
26544	308
26560	293
26576	323
26592	314
26608	342
26624	334
26640	312
26656	310
26672	316
26688	300
26704	298
26720	293
26736	306
26752	329
26768	317
26784	319
26800	323
26816	275
26832	301
26848	324
26864	303
26880	309
26896	297
26912	317
26928	296
26944	332
26960	291
26976	299
26992	284
27008	294
27024	292
27040	260
27056	300
27072	269
27088	276
27104	290
27120	254
27136	284
27152	311
27168	275
27184	267
27200	296
27216	316
27232	283
27248	273
27264	289
27280	256
27296	278
27312	268
27328	290
27344	290
27360	268
27376	267
27392	239
27408	269
27424	259
27440	251
27456	265
27472	258
27488	263
27504	262
27520	267
27536	268
27552	252
27568	230
27584	259
27600	253
27616	246
27632	241
27648	260
27664	246
27680	264
27696	235
27712	249
27728	227
27744	228
27760	232
27776	220
27792	250
27808	249
27824	230
27840	250
27856	227
27872	237
27888	255
27904	254
27920	228
27936	200
27952	231
27968	260
27984	215
28000	207
28016	247
28032	216
28048	194
28064	233
28080	229
28096	216
28112	211
28128	230
28144	235
28160	221
28176	206
28192	245
28208	199
28224	202
28240	187
28256	202
28272	248
28288	217
28304	204
28320	204
28336	184
28352	179
28368	224
28384	215
28400	209
28416	210
28432	224
28448	181
28464	211
28480	228
28496	223
28512	224
28528	198
28544	187
28560	162
28576	198
28592	198
28608	226
28624	209
28640	183
28656	172
28672	193
28688	199
28704	190
28720	187
28736	189
28752	201
28768	209
28784	195
28800	212
28816	203
28832	195
28848	212
28864	214
28880	176
28896	205
28912	182
28928	198
28944	182
28960	169
28976	203
28992	171
29008	176
29024	197
29040	194
29056	183
29072	187
29088	179
29104	186
29120	177
29136	181
29152	157
29168	194
29184	177
29200	166
29216	203
29232	190
29248	176
29264	174
29280	153
29296	194
29312	176
29328	170
29344	161
29360	192
29376	193
29392	163
29408	208
29424	185
29440	189
29456	173
29472	164
29488	170
29504	162
29520	160
29536	171
29552	187
29568	175
29584	143
29600	194
29616	140
29632	160
29648	165
29664	183
29680	180
29696	158
29712	183
29728	149
29744	185
29760	169
29776	157
29792	169
29808	173
29824	180
29840	181
29856	150
29872	185
29888	177
29904	153
29920	176
29936	186
29952	172
29968	171
29984	169
30000	141
30016	166
30032	161
30048	163
30064	184
30080	183
30096	192
30112	176
30128	159
30144	150
30160	195
30176	176
30192	180
30208	178
30224	176
30240	181
30256	170
30272	178
30288	180
30304	173
30320	156
30336	198
30352	207
30368	188
30384	193
30400	194
30416	194
30432	193
30448	164
30464	170
30480	192
30496	150
30512	162
30528	171
30544	167
30560	169
30576	174
30592	177
30608	198
30624	170
30640	181
30656	158
30672	185
30688	170
30704	168
30720	183
30736	191
30752	205
30768	175
30784	172
30800	206
30816	191
30832	197
30848	179
30864	215
30880	199
30896	180
30912	214
30928	211
30944	229
30960	248
30976	192
30992	242
31008	207
31024	163
31040	202
31056	220
31072	200
31088	173
31104	165
31120	201
31136	192
31152	234
31168	195
31184	185
31200	193
31216	172
31232	221
31248	205
31264	218
31280	209
31296	224
31312	210
31328	217
31344	200
31360	205
31376	249
31392	257
31408	328
31424	375
31440	482
31456	693
31472	982
31488	1299
31504	1617
31520	2017
31536	2430
31552	2611
31568	2870
31584	3018
31600	3204
31616	3207
31632	3284
31648	3239
31664	3280
31680	3386
31696	3479
31712	3930
31728	4503
31744	5235
31760	6316
31776	7392
31792	8403
31808	9069
31824	9343
31840	9350
31856	9356
31872	9487
31888	9903
31904	10723
31920	12244
31936	13536
31952	14938
31968	15910
31984	16645
