"Time differences (ps)"	"Counts per bin"
-50000	158
-49900	116
-49800	136
-49700	129
-49600	143
-49500	133
-49400	131
-49300	132
-49200	109
-49100	132
-49000	122
-48900	134
-48800	123
-48700	129
-48600	123
-48500	129
-48400	142
-48300	123
-48200	121
-48100	127
-48000	133
-47900	127
-47800	138
-47700	123
-47600	109
-47500	112
-47400	131
-47300	137
-47200	132
-47100	119
-47000	125
-46900	121
-46800	112
-46700	126
-46600	104
-46500	107
-46400	120
-46300	127
-46200	132
-46100	159
-46000	133
-45900	134
-45800	126
-45700	139
-45600	130
-45500	129
-45400	122
-45300	127
-45200	122
-45100	123
-45000	126
-44900	135
-44800	132
-44700	129
-44600	122
-44500	129
-44400	125
-44300	113
-44200	109
-44100	132
-44000	118
-43900	110
-43800	122
-43700	119
-43600	122
-43500	125
-43400	117
-43300	136
-43200	120
-43100	117
-43000	115
-42900	137
-42800	114
-42700	132
-42600	127
-42500	128
-42400	124
-42300	141
-42200	131
-42100	111
-42000	126
-41900	131
-41800	127
-41700	131
-41600	111
-41500	123
-41400	134
-41300	109
-41200	107
-41100	115
-41000	119
-40900	122
-40800	117
-40700	123
-40600	128
-40500	118
-40400	114
-40300	130
-40200	116
-40100	141
-40000	123
-39900	118
-39800	120
-39700	105
-39600	112
-39500	122
-39400	127
-39300	129
-39200	130
-39100	115
-39000	127
-38900	123
-38800	122
-38700	113
-38600	124
-38500	109
-38400	108
-38300	135
-38200	127
-38100	136
-38000	145
-37900	133
-37800	127
-37700	124
-37600	131
-37500	150
-37400	118
-37300	134
-37200	121
-37100	133
-37000	118
-36900	141
-36800	130
-36700	154
-36600	124
-36500	137
-36400	133
-36300	129
-36200	143
-36100	119
-36000	113
-35900	131
-35800	134
-35700	131
-35600	151
-35500	111
-35400	112
-35300	117
-35200	127
-35100	136
-35000	116
-34900	132
-34800	126
-34700	126
-34600	111
-34500	112
-34400	135
-34300	116
-34200	116
-34100	122
-34000	116
-33900	129
-33800	140
-33700	153
-33600	119
-33500	115
-33400	119
-33300	117
-33200	132
-33100	130
-33000	120
-32900	127
-32800	113
-32700	137
-32600	142
-32500	118
-32400	127
-32300	119
-32200	124
-32100	117
-32000	124
-31900	130
-31800	116
-31700	138
-31600	128
-31500	121
-31400	132
-31300	122
-31200	129
-31100	145
-31000	117
-30900	129
-30800	119
-30700	140
-30600	127
-30500	108
-30400	126
-30300	139
-30200	125
-30100	120
-30000	123
-29900	136
-29800	132
-29700	107
-29600	126
-29500	135
-29400	127
-29300	142
-29200	124
-29100	118
-29000	100
-28900	115
-28800	112
-28700	107
-28600	106
-28500	126
-28400	105
-28300	136
-28200	142
-28100	122
-28000	117
-27900	115
-27800	143
-27700	112
-27600	118
-27500	113
-27400	117
-27300	140
-27200	140
-27100	111
-27000	113
-26900	123
-26800	139
-26700	129
-26600	123
-26500	112
-26400	130
-26300	116
-26200	122
-26100	116
-26000	117
-25900	132
-25800	115
-25700	123
-25600	117
-25500	107
-25400	144
-25300	135
-25200	125
-25100	108
-25000	123
-24900	141
-24800	118
-24700	109
-24600	126
-24500	132
-24400	107
-24300	113
-24200	132
-24100	114
-24000	118
-23900	133
-23800	124
-23700	122
-23600	133
-23500	113
-23400	154
-23300	109
-23200	144
-23100	119
-23000	123
-22900	112
-22800	137
-22700	129
-22600	149
-22500	128
-22400	136
-22300	120
-22200	117
-22100	122
-22000	112
-21900	124
-21800	123
-21700	117
-21600	130
-21500	106
-21400	138
-21300	113
-21200	121
-21100	129
-21000	152
-20900	141
-20800	133
-20700	136
-20600	132
-20500	118
-20400	118
-20300	120
-20200	120
-20100	112
-20000	131
-19900	130
-19800	128
-19700	121
-19600	127
-19500	112
-19400	116
-19300	102
-19200	128
-19100	108
-19000	115
-18900	123
-18800	119
-18700	132
-18600	146
-18500	132
-18400	127
-18300	120
-18200	117
-18100	138
-18000	111
-17900	109
-17800	135
-17700	130
-17600	109
-17500	130
-17400	126
-17300	132
-17200	116
-17100	115
-17000	121
-16900	111
-16800	133
-16700	130
-16600	137
-16500	126
-16400	113
-16300	129
-16200	116
-16100	117
-16000	124
-15900	117
-15800	132
-15700	144
-15600	147
-15500	115
-15400	108
-15300	112
-15200	120
-15100	132
-15000	122
-14900	146
-14800	115
-14700	114
-14600	136
-14500	111
-14400	133
-14300	114
-14200	127
-14100	127
-14000	108
-13900	119
-13800	115
-13700	121
-13600	150
-13500	128
-13400	128
-13300	134
-13200	122
-13100	124
-13000	139
-12900	116
-12800	120
-12700	128
-12600	124
-12500	112
-12400	107
-12300	147
-12200	148
-12100	136
-12000	141
-11900	128
-11800	139
-11700	141
-11600	120
-11500	114
-11400	99
-11300	119
-11200	114
-11100	119
-11000	121
-10900	120
-10800	141
-10700	138
-10600	148
-10500	121
-10400	134
-10300	116
-10200	125
-10100	128
-10000	125
-9900	108
-9800	141
-9700	112
-9600	135
-9500	125
-9400	114
-9300	142
-9200	123
-9100	129
-9000	135
-8900	132
-8800	119
-8700	117
-8600	111
-8500	117
-8400	137
-8300	126
-8200	132
-8100	138
-8000	110
-7900	126
-7800	124
-7700	125
-7600	123
-7500	119
-7400	122
-7300	131
-7200	127
-7100	130
-7000	144
-6900	150
-6800	104
-6700	116
-6600	119
-6500	118
-6400	133
-6300	123
-6200	121
-6100	126
-6000	119
-5900	124
-5800	122
-5700	129
-5600	129
-5500	112
-5400	135
-5300	131
-5200	107
-5100	122
-5000	114
-4900	119
-4800	124
-4700	110
-4600	118
-4500	131
-4400	131
-4300	117
-4200	120
-4100	129
-4000	131
-3900	99
-3800	119
-3700	134
-3600	131
-3500	126
-3400	119
-3300	112
-3200	113
-3100	118
-3000	102
-2900	96
-2800	96
-2700	91
-2600	75
-2500	75
-2400	80
-2300	61
-2200	78
-2100	82
-2000	80
-1900	94
-1800	104
-1700	92
-1600	120
-1500	115
-1400	119
-1300	134
-1200	114
-1100	121
-1000	128
-900	112
-800	102
-700	122
-600	127
-500	112
-400	130
-300	131
-200	125
-100	120
0	122
100	145
200	120
300	122
400	122
500	136
600	144
700	134
800	131
900	115
1000	121
1100	107
1200	112
1300	102
1400	134
1500	137
1600	118
1700	127
1800	121
1900	130
2000	129
2100	129
2200	126
2300	126
2400	147
2500	112
2600	133
2700	105
2800	106
2900	120
3000	115
3100	130
3200	140
3300	126
3400	126
3500	126
3600	132
3700	112
3800	119
3900	114
4000	124
4100	123
4200	105
4300	126
4400	107
4500	124
4600	119
4700	122
4800	106
4900	118
5000	118
5100	138
5200	125
5300	124
5400	110
5500	107
5600	129
5700	120
5800	125
5900	117
6000	113
6100	159
6200	123
6300	127
6400	104
6500	110
6600	108
6700	126
6800	134
6900	152
7000	126
7100	147
7200	119
7300	154
7400	152
7500	135
7600	123
7700	135
7800	137
7900	122
8000	118
8100	105
8200	106
8300	127
8400	136
8500	141
8600	122
8700	114
8800	109
8900	115
9000	127
9100	129
9200	129
9300	131
9400	130
9500	145
9600	116
9700	122
9800	141
9900	114
10000	114
10100	112
10200	122
10300	121
10400	132
10500	121
10600	127
10700	132
10800	128
10900	133
11000	123
11100	109
11200	126
11300	124
11400	132
11500	105
11600	139
11700	112
11800	115
11900	131
12000	144
12100	132
12200	133
12300	116
12400	108
12500	121
12600	134
12700	113
12800	126
12900	126
13000	123
13100	127
13200	122
13300	95
13400	117
13500	119
13600	112
13700	128
13800	121
13900	135
14000	104
14100	122
14200	130
14300	127
14400	145
14500	120
14600	121
14700	112
14800	119
14900	126
15000	111
15100	105
15200	119
15300	147
15400	122
15500	128
15600	118
15700	125
15800	107
15900	114
16000	139
16100	133
16200	143
16300	123
16400	132
16500	140
16600	145
16700	145
16800	121
16900	116
17000	129
17100	134
17200	120
17300	104
17400	118
17500	142
17600	129
17700	140
17800	136
17900	110
18000	121
18100	120
18200	135
18300	127
18400	119
18500	138
18600	114
18700	119
18800	111
18900	119
19000	148
19100	118
19200	130
19300	138
19400	112
19500	126
19600	131
19700	135
19800	122
19900	147
20000	109
20100	107
20200	124
20300	108
20400	132
20500	127
20600	130
20700	134
20800	133
20900	127
21000	125
21100	120
21200	111
21300	120
21400	125
21500	119
21600	145
21700	125
21800	127
21900	128
22000	129
22100	126
22200	110
22300	113
22400	127
22500	133
22600	139
22700	114
22800	133
22900	124
23000	136
23100	118
23200	122
23300	99
23400	118
23500	114
23600	106
23700	124
23800	114
23900	118
24000	122
24100	134
24200	127
24300	126
24400	120
24500	138
24600	108
24700	144
24800	126
24900	128
25000	136
25100	134
25200	136
25300	125
25400	136
25500	122
25600	135
25700	120
25800	118
25900	104
26000	119
26100	125
26200	126
26300	129
26400	125
26500	130
26600	123
26700	106
26800	101
26900	143
27000	144
27100	126
27200	119
27300	120
27400	124
27500	127
27600	120
27700	107
27800	100
27900	121
28000	140
28100	124
28200	137
28300	126
28400	113
28500	123
28600	115
28700	133
28800	123
28900	116
29000	112
29100	120
29200	119
29300	121
29400	141
29500	135
29600	137
29700	115
29800	114
29900	129
30000	96
30100	122
30200	120
30300	126
30400	135
30500	132
30600	128
30700	124
30800	124
30900	118
31000	111
31100	127
31200	125
31300	120
31400	115
31500	124
31600	142
31700	136
31800	124
31900	125
32000	123
32100	129
32200	134
32300	125
32400	126
32500	108
32600	131
32700	105
32800	129
32900	114
33000	142
33100	110
33200	157
33300	117
33400	114
33500	108
33600	126
33700	118
33800	129
33900	137
34000	124
34100	113
34200	130
34300	131
34400	123
34500	127
34600	138
34700	118
34800	93
34900	126
35000	112
35100	133
35200	128
35300	135
35400	137
35500	114
35600	110
35700	139
35800	134
35900	129
36000	119
36100	128
36200	118
36300	146
36400	110
36500	119
36600	136
36700	132
36800	128
36900	111
37000	124
37100	137
37200	122
37300	117
37400	117
37500	118
37600	127
37700	145
37800	129
37900	142
38000	122
38100	115
38200	110
38300	114
38400	122
38500	151
38600	124
38700	141
38800	136
38900	116
39000	113
39100	124
39200	134
39300	137
39400	121
39500	125
39600	143
39700	130
39800	116
39900	139
40000	127
40100	112
40200	109
40300	119
40400	125
40500	119
40600	116
40700	112
40800	131
40900	106
41000	131
41100	122
41200	134
41300	136
41400	133
41500	126
41600	121
41700	138
41800	115
41900	140
42000	124
42100	95
42200	127
42300	124
42400	132
42500	121
42600	124
42700	122
42800	133
42900	124
43000	119
43100	150
43200	106
43300	122
43400	138
43500	135
43600	121
43700	139
43800	121
43900	114
44000	124
44100	114
44200	119
44300	133
44400	136
44500	149
44600	137
44700	115
44800	135
44900	133
45000	132
45100	128
45200	123
45300	118
45400	111
45500	142
45600	109
45700	131
45800	142
45900	139
46000	140
46100	131
46200	124
46300	117
46400	143
46500	125
46600	127
46700	127
46800	116
46900	108
47000	117
47100	131
47200	130
47300	124
47400	114
47500	121
47600	122
47700	131
47800	145
47900	137
48000	108
48100	125
48200	123
48300	127
48400	117
48500	152
48600	125
48700	105
48800	105
48900	151
49000	113
49100	131
49200	123
49300	114
49400	132
49500	101
49600	123
49700	119
49800	113
49900	127
