"Time differences (ps)"	"Counts per bin"
-50000	6678
-49900	6730
-49800	6662
-49700	6714
-49600	6855
-49500	6786
-49400	6703
-49300	6779
-49200	6697
-49100	6793
-49000	6647
-48900	6777
-48800	6715
-48700	6706
-48600	6877
-48500	6673
-48400	6744
-48300	6630
-48200	6779
-48100	6680
-48000	6690
-47900	6660
-47800	6706
-47700	6800
-47600	6744
-47500	6756
-47400	6900
-47300	6681
-47200	6793
-47100	6744
-47000	6884
-46900	6677
-46800	6798
-46700	6868
-46600	6775
-46500	6688
-46400	6685
-46300	6709
-46200	6816
-46100	6574
-46000	6727
-45900	6708
-45800	6729
-45700	6705
-45600	6862
-45500	6672
-45400	6823
-45300	6762
-45200	6814
-45100	6882
-45000	6751
-44900	6725
-44800	6869
-44700	6739
-44600	6584
-44500	6954
-44400	6657
-44300	6859
-44200	6803
-44100	6738
-44000	6781
-43900	6586
-43800	6820
-43700	6723
-43600	6711
-43500	6873
-43400	6764
-43300	6797
-43200	6611
-43100	6796
-43000	6694
-42900	6738
-42800	6708
-42700	6691
-42600	6750
-42500	6761
-42400	6610
-42300	6872
-42200	6822
-42100	6716
-42000	6794
-41900	6669
-41800	6694
-41700	6794
-41600	6752
-41500	6697
-41400	6646
-41300	6784
-41200	6674
-41100	6812
-41000	6725
-40900	6711
-40800	6666
-40700	6753
-40600	6858
-40500	6733
-40400	6679
-40300	6762
-40200	6708
-40100	6709
-40000	6895
-39900	6913
-39800	6788
-39700	6811
-39600	6697
-39500	6677
-39400	6652
-39300	6539
-39200	6758
-39100	6702
-39000	6701
-38900	6724
-38800	6847
-38700	6687
-38600	6841
-38500	6649
-38400	6861
-38300	6801
-38200	6901
-38100	6764
-38000	6781
-37900	6792
-37800	6776
-37700	6859
-37600	6919
-37500	6637
-37400	6799
-37300	6761
-37200	6808
-37100	6908
-37000	6785
-36900	6776
-36800	6711
-36700	6635
-36600	6642
-36500	6823
-36400	6628
-36300	6731
-36200	6708
-36100	6884
-36000	6771
-35900	6718
-35800	6750
-35700	6863
-35600	6859
-35500	6711
-35400	6768
-35300	6682
-35200	6688
-35100	6723
-35000	6744
-34900	6670
-34800	6867
-34700	6901
-34600	6699
-34500	6731
-34400	6828
-34300	6702
-34200	6820
-34100	6836
-34000	6776
-33900	6707
-33800	6826
-33700	6716
-33600	6746
-33500	6833
-33400	6775
-33300	6835
-33200	6788
-33100	6762
-33000	6977
-32900	6878
-32800	6887
-32700	6709
-32600	6714
-32500	6657
-32400	6772
-32300	6842
-32200	6746
-32100	6784
-32000	6762
-31900	6864
-31800	6664
-31700	6764
-31600	6746
-31500	6716
-31400	6806
-31300	6753
-31200	6785
-31100	6698
-31000	6782
-30900	6784
-30800	6809
-30700	6874
-30600	6652
-30500	6765
-30400	6748
-30300	6799
-30200	6737
-30100	6825
-30000	6779
-29900	6736
-29800	6911
-29700	6795
-29600	6797
-29500	6658
-29400	6772
-29300	6699
-29200	6808
-29100	6632
-29000	6821
-28900	6858
-28800	6755
-28700	6737
-28600	6756
-28500	6843
-28400	6838
-28300	6793
-28200	6840
-28100	6848
-28000	6803
-27900	6793
-27800	6623
-27700	6848
-27600	6696
-27500	6625
-27400	6772
-27300	6841
-27200	6770
-27100	6597
-27000	6922
-26900	6769
-26800	6788
-26700	6622
-26600	6778
-26500	6598
-26400	6803
-26300	6700
-26200	6815
-26100	6781
-26000	6692
-25900	6733
-25800	6792
-25700	6819
-25600	6840
-25500	6835
-25400	6784
-25300	6917
-25200	6851
-25100	6953
-25000	6845
-24900	6740
-24800	6968
-24700	6720
-24600	6803
-24500	6999
-24400	6735
-24300	6746
-24200	6854
-24100	6798
-24000	6763
-23900	6735
-23800	6836
-23700	6759
-23600	6828
-23500	6750
-23400	6675
-23300	6679
-23200	6982
-23100	6764
-23000	6763
-22900	6748
-22800	6865
-22700	6745
-22600	6869
-22500	6783
-22400	6803
-22300	6599
-22200	6688
-22100	6747
-22000	6805
-21900	6729
-21800	6822
-21700	6770
-21600	6773
-21500	6737
-21400	6836
-21300	6812
-21200	6691
-21100	6689
-21000	6697
-20900	6747
-20800	6841
-20700	6744
-20600	6859
-20500	6775
-20400	6796
-20300	6734
-20200	6697
-20100	6977
-20000	6717
-19900	6796
-19800	6673
-19700	6806
-19600	6827
-19500	6754
-19400	6692
-19300	6700
-19200	6738
-19100	6798
-19000	6919
-18900	6751
-18800	6815
-18700	6846
-18600	6784
-18500	6930
-18400	6898
-18300	6841
-18200	6721
-18100	6803
-18000	6814
-17900	6968
-17800	6827
-17700	6845
-17600	6822
-17500	6842
-17400	6826
-17300	6834
-17200	6841
-17100	6902
-17000	6727
-16900	6927
-16800	6802
-16700	6831
-16600	6735
-16500	6816
-16400	6799
-16300	6763
-16200	6926
-16100	6810
-16000	6840
-15900	6800
-15800	6855
-15700	6825
-15600	6810
-15500	6662
-15400	6727
-15300	6733
-15200	6771
-15100	6844
-15000	6947
-14900	6831
-14800	6804
-14700	6762
-14600	6813
-14500	6816
-14400	6777
-14300	6628
-14200	6843
-14100	6856
-14000	6834
-13900	6855
-13800	6678
-13700	6730
-13600	6759
-13500	6785
-13400	6930
-13300	6963
-13200	6773
-13100	6822
-13000	6866
-12900	6910
-12800	6965
-12700	6746
-12600	6907
-12500	6845
-12400	6711
-12300	6807
-12200	6805
-12100	6910
-12000	6915
-11900	6870
-11800	6755
-11700	6950
-11600	6787
-11500	6773
-11400	6730
-11300	6725
-11200	6801
-11100	6951
-11000	6786
-10900	6715
-10800	6786
-10700	6880
-10600	6717
-10500	6670
-10400	6775
-10300	6949
-10200	6755
-10100	6685
-10000	6775
-9900	6892
-9800	6733
-9700	6672
-9600	6722
-9500	6893
-9400	6876
-9300	6719
-9200	6674
-9100	6833
-9000	6697
-8900	6756
-8800	6673
-8700	6803
-8600	6853
-8500	6800
-8400	6877
-8300	6887
-8200	6896
-8100	6767
-8000	6925
-7900	6793
-7800	6849
-7700	6896
-7600	6805
-7500	6890
-7400	6726
-7300	6694
-7200	6812
-7100	6761
-7000	6821
-6900	6737
-6800	6876
-6700	6884
-6600	6797
-6500	6669
-6400	6779
-6300	6737
-6200	6937
-6100	6783
-6000	6878
-5900	6863
-5800	6695
-5700	6856
-5600	6790
-5500	6800
-5400	6824
-5300	6870
-5200	6775
-5100	6760
-5000	6767
-4900	6713
-4800	6782
-4700	6717
-4600	6819
-4500	6750
-4400	6827
-4300	6748
-4200	6771
-4100	6769
-4000	6804
-3900	6876
-3800	6837
-3700	6642
-3600	6601
-3500	6763
-3400	6632
-3300	6450
-3200	6449
-3100	6252
-3000	6231
-2900	5969
-2800	5724
-2700	5476
-2600	5226
-2500	4902
-2400	4727
-2300	4531
-2200	4653
-2100	5012
-2000	5276
-1900	5542
-1800	5716
-1700	5932
-1600	6193
-1500	6272
-1400	6354
-1300	6522
-1200	6506
-1100	6582
-1000	6616
-900	6631
-800	6825
-700	6859
-600	6621
-500	6698
-400	6904
-300	6723
-200	6795
-100	6767
0	6656
100	6776
200	6837
300	6701
400	6785
500	6655
600	6909
700	6650
800	6650
900	6794
1000	6864
1100	6722
1200	6736
1300	6737
1400	6839
1500	6785
1600	6921
1700	6857
1800	6694
1900	6887
2000	6832
2100	6793
2200	6885
2300	6877
2400	6838
2500	6789
2600	6692
2700	6629
2800	6841
2900	6798
3000	6701
3100	6925
3200	6700
3300	6729
3400	6857
3500	7061
3600	6763
3700	6810
3800	6791
3900	6885
4000	6756
4100	6765
4200	6745
4300	6938
4400	6876
4500	6800
4600	6868
4700	6913
4800	6932
4900	6756
5000	6852
5100	6828
5200	6891
5300	7042
5400	6847
5500	6845
5600	6867
5700	6862
5800	6711
5900	6890
6000	6637
6100	6819
6200	6765
6300	6836
6400	6872
6500	6720
6600	6910
6700	6983
6800	6867
6900	6744
7000	6929
7100	6771
7200	6863
7300	6844
7400	6712
7500	6772
7600	6742
7700	6733
7800	6863
7900	6756
8000	6728
8100	6912
8200	6919
8300	6875
8400	6846
8500	6884
8600	6909
8700	6844
8800	6718
8900	6704
9000	6715
9100	6835
9200	6652
9300	6740
9400	6898
9500	6768
9600	6859
9700	6638
9800	6763
9900	6843
10000	6885
10100	6888
10200	6737
10300	6847
10400	6808
10500	6687
10600	6764
10700	6919
10800	6713
10900	6781
11000	6808
11100	6745
11200	6750
11300	6925
11400	6734
11500	6964
11600	6688
11700	6837
11800	6800
11900	6858
12000	6914
12100	6779
12200	6828
12300	6791
12400	6769
12500	6949
12600	6855
12700	6835
12800	6722
12900	6898
13000	6803
13100	6860
13200	6873
13300	6708
13400	6672
13500	6627
13600	6798
13700	6897
13800	6860
13900	6800
14000	6762
14100	6856
14200	6937
14300	6775
14400	6702
14500	6815
14600	6776
14700	6797
14800	6666
14900	6825
15000	6853
15100	6862
15200	6643
15300	6803
15400	6780
15500	6705
15600	6784
15700	6811
15800	6762
15900	6613
16000	6846
16100	6856
16200	6692
16300	6857
16400	6934
16500	6753
16600	6821
16700	6827
16800	6806
16900	6881
17000	6777
17100	6737
17200	6844
17300	6779
17400	6784
17500	6765
17600	6892
17700	6794
17800	6870
17900	6800
18000	6809
18100	6799
18200	6914
18300	6866
18400	6817
18500	6658
18600	6826
18700	6791
18800	6847
18900	6834
19000	6673
19100	6671
19200	6692
19300	6840
19400	6692
19500	6703
19600	6810
19700	6745
19800	6790
19900	6676
20000	6725
20100	6636
20200	6809
20300	6785
20400	6813
20500	6863
20600	6857
20700	6688
20800	6701
20900	6841
21000	6832
21100	6919
21200	6688
21300	6913
21400	6741
21500	6894
21600	6740
21700	6768
21800	6739
21900	6766
22000	6757
22100	6770
22200	6710
22300	6759
22400	6768
22500	6615
22600	6509
22700	6738
22800	6785
22900	6731
23000	6670
23100	6686
23200	6782
23300	6824
23400	6766
23500	6786
23600	6899
23700	6733
23800	6910
23900	6676
24000	6700
24100	6764
24200	6755
24300	6870
24400	6692
24500	6831
24600	6677
24700	6861
24800	6608
24900	6586
25000	6946
25100	6679
25200	6632
25300	6876
25400	6777
25500	6753
25600	6630
25700	6778
25800	6821
25900	6823
26000	6801
26100	6730
26200	6843
26300	6844
26400	6598
26500	6752
26600	6793
26700	6838
26800	6866
26900	6810
27000	6735
27100	6856
27200	6646
27300	6685
27400	6734
27500	6759
27600	6917
27700	6790
27800	6829
27900	6852
28000	6802
28100	6769
28200	6767
28300	6734
28400	6699
28500	6810
28600	6844
28700	6631
28800	6696
28900	6705
29000	6901
29100	6741
29200	6829
29300	6825
29400	6690
29500	6938
29600	6757
29700	6556
29800	6728
29900	6911
30000	6660
30100	6650
30200	6763
30300	6679
30400	6791
30500	6757
30600	6783
30700	6808
30800	6783
30900	6850
31000	6670
31100	6721
31200	6781
31300	6723
31400	6834
31500	6760
31600	6633
31700	6741
31800	6810
31900	6935
32000	6731
32100	6692
32200	6752
32300	6812
32400	6720
32500	6634
32600	6704
32700	6771
32800	6749
32900	6774
33000	6806
33100	6851
33200	6858
33300	6774
33400	6730
33500	6801
33600	6637
33700	6717
33800	6698
33900	6721
34000	6801
34100	6893
34200	6776
34300	6837
34400	6830
34500	6748
34600	6707
34700	6766
34800	6791
34900	6999
35000	6784
35100	6709
35200	6775
35300	6651
35400	6647
35500	6894
35600	6793
35700	6786
35800	6725
35900	6772
36000	6689
36100	6915
36200	6866
36300	6694
36400	6694
36500	6627
36600	6610
36700	6894
36800	6940
36900	6709
37000	6648
37100	6648
37200	6734
37300	6741
37400	6618
37500	6799
37600	6518
37700	6905
37800	6721
37900	6708
38000	6758
38100	6779
38200	6689
38300	6797
38400	6816
38500	6704
38600	6701
38700	6568
38800	6893
38900	6664
39000	6749
39100	6581
39200	6680
39300	6677
39400	6672
39500	6758
39600	6708
39700	6657
39800	6749
39900	6712
40000	6720
40100	6904
40200	6713
40300	6713
40400	6775
40500	6803
40600	6643
40700	6717
40800	6724
40900	6759
41000	6811
41100	6655
41200	6780
41300	6789
41400	6695
41500	6841
41600	6793
41700	6656
41800	6738
41900	6800
42000	6641
42100	6687
42200	6799
42300	6820
42400	6672
42500	6766
42600	6541
42700	6824
42800	6815
42900	6787
43000	6629
43100	6730
43200	6757
43300	6719
43400	6770
43500	6739
43600	6771
43700	6690
43800	6695
43900	6680
44000	6767
44100	6763
44200	6777
44300	6720
44400	6706
44500	6614
44600	6677
44700	6740
44800	6709
44900	6628
45000	6628
45100	6597
45200	6520
45300	6663
45400	6637
45500	6595
45600	6749
45700	6674
45800	6784
45900	6721
46000	6719
46100	6741
46200	6508
46300	6614
46400	6696
46500	6603
46600	6563
46700	6452
46800	6691
46900	6698
47000	6616
47100	6698
47200	6627
47300	6616
47400	6671
47500	6670
47600	6647
47700	6567
47800	6649
47900	6538
48000	6746
48100	6538
48200	6494
48300	6633
48400	6475
48500	6565
48600	6639
48700	6667
48800	6406
48900	6453
49000	6633
49100	6536
49200	6530
49300	6693
49400	6627
49500	6673
49600	6692
49700	6639
49800	6591
49900	6608
